0.0000000000 -1.8701294300 0.1331366014 0.5000000000
0.0100100100 -1.8621226763 -1.4692142045 0.5000000000
0.0200200200 -1.8541239509 -1.6735514875 0.5000000000
0.0300300300 -1.8461332803 -0.9915496977 0.5000000000
0.0400400400 -1.8381506913 -2.4515043936 0.5000000000
0.0500500501 -1.8301762105 -1.6804598044 0.5000000000
0.0600600601 -1.8222098644 -1.4878618975 0.5000000000
0.0700700701 -1.8142516797 -1.8419046559 0.5000000000
0.0800800801 -1.8063016827 -1.9121164352 0.5000000000
0.0900900901 -1.7983599000 -1.9752258741 0.5000000000
0.1001001001 -1.7904263580 -1.3863681186 0.5000000000
0.1101101101 -1.7825010831 -2.0067087794 0.5000000000
0.1201201201 -1.7745841016 -1.5783684987 0.5000000000
0.1301301301 -1.7666754398 -1.5566881472 0.5000000000
0.1401401401 -1.7587751241 -0.9869209777 0.5000000000
0.1501501502 -1.7508831805 -2.2296837473 0.5000000000
0.1601601602 -1.7429996352 -2.2930054817 0.5000000000
0.1701701702 -1.7351245144 -2.1460327676 0.5000000000
0.1801801802 -1.7272578442 -1.1065394639 0.5000000000
0.1901901902 -1.7193996505 -3.2231893236 0.5000000000
0.2002002002 -1.7115499593 -1.3435005704 0.5000000000
0.2102102102 -1.7037087966 -1.8512579862 0.5000000000
0.2202202202 -1.6958761881 -0.1071900823 0.5000000000
0.2302302302 -1.6880521597 -2.4392395737 0.5000000000
0.2402402402 -1.6802367372 -2.1903298949 0.5000000000
0.2502502503 -1.6724299461 -2.1749953392 0.5000000000
0.2602602603 -1.6646318122 -0.9636356932 0.5000000000
0.2702702703 -1.6568423611 -1.5656684173 0.5000000000
0.2802802803 -1.6490616181 -1.2293261260 0.5000000000
0.2902902903 -1.6412896088 -2.8605127342 0.5000000000
0.3003003003 -1.6335263586 -1.6607290993 0.5000000000
0.3103103103 -1.6257718928 -1.0170395166 0.5000000000
0.3203203203 -1.6180262367 -2.0982129135 0.5000000000
0.3303303303 -1.6102894153 -2.1699854018 0.5000000000
0.3403403403 -1.6025614539 -1.8351770635 0.5000000000
0.3503503504 -1.5948423775 -2.0405791487 0.5000000000
0.3603603604 -1.5871322112 -1.6923581491 0.5000000000
0.3703703704 -1.5794309797 -1.3175317877 0.5000000000
0.3803803804 -1.5717387080 -0.6216882210 0.5000000000
0.3903903904 -1.5640554208 -1.5042438134 0.5000000000
0.4004004004 -1.5563811428 -1.4153188635 0.5000000000
0.4104104104 -1.5487158986 -1.4338413713 0.5000000000
0.4204204204 -1.5410597129 -1.8127773816 0.5000000000
0.4304304304 -1.5334126100 -1.8914164347 0.5000000000
0.4404404404 -1.5257746143 -1.2758662573 0.5000000000
0.4504504505 -1.5181457503 -2.0212411812 0.5000000000
0.4604604605 -1.5105260420 -2.6012773163 0.5000000000
0.4704704705 -1.5029155136 -0.6485328795 0.5000000000
0.4804804805 -1.4953141892 -0.9900135078 0.5000000000
0.4904904905 -1.4877220929 -2.2937900174 0.5000000000
0.5005005005 -1.4801392484 -1.6667276691 0.5000000000
0.5105105105 -1.4725656797 -0.7112909104 0.5000000000
0.5205205205 -1.4650014104 -1.5430919530 0.5000000000
0.5305305305 -1.4574464642 -1.6580890340 0.5000000000
0.5405405405 -1.4499008646 -1.6923817082 0.5000000000
0.5505505506 -1.4423646351 -1.7194892163 0.5000000000
0.5605605606 -1.4348377991 -1.3072677631 0.5000000000
0.5705705706 -1.4273203799 -2.0404892004 0.5000000000
0.5805805806 -1.4198124006 -1.4887875782 0.5000000000
0.5905905906 -1.4123138844 -0.9989579137 0.5000000000
0.6006006006 -1.4048248542 -0.4940679631 0.5000000000
0.6106106106 -1.3973453330 -1.5929171903 0.5000000000
0.6206206206 -1.3898753436 -2.3146216510 0.5000000000
0.6306306306 -1.3824149087 -1.0570287276 0.5000000000
0.6406406406 -1.3749640509 -1.1445210410 0.5000000000
0.6506506507 -1.3675227928 -1.2913556219 0.5000000000
0.6606606607 -1.3600911567 -0.4142782413 0.5000000000
0.6706706707 -1.3526691650 -0.7812557794 0.5000000000
0.6806806807 -1.3452568399 -1.2229534597 0.5000000000
0.6906906907 -1.3378542035 -1.7433758105 0.5000000000
0.7007007007 -1.3304612778 -1.4036909894 0.5000000000
0.7107107107 -1.3230780848 -1.0922529951 0.5000000000
0.7207207207 -1.3157046462 -1.2414729422 0.5000000000
0.7307307307 -1.3083409838 -1.1048823597 0.5000000000
0.7407407407 -1.3009871191 -1.4623878200 0.5000000000
0.7507507508 -1.2936430735 -1.7974009004 0.5000000000
0.7607607608 -1.2863088686 -1.2863070688 0.5000000000
0.7707707708 -1.2789845255 -1.0983538771 0.5000000000
0.7807807808 -1.2716700655 -1.6710530374 0.5000000000
0.7907907908 -1.2643655094 -1.2129874076 0.5000000000
0.8008008008 -1.2570708784 -2.0062617901 0.5000000000
0.8108108108 -1.2497861931 -1.5222258941 0.5000000000
0.8208208208 -1.2425114744 -2.2036475493 0.5000000000
0.8308308308 -1.2352467427 -1.2161917594 0.5000000000
0.8408408408 -1.2279920186 -1.9735367704 0.5000000000
0.8508508509 -1.2207473224 -1.4542128215 0.5000000000
0.8608608609 -1.2135126744 -0.9639467930 0.5000000000
0.8708708709 -1.2062880947 -1.8021830144 0.5000000000
0.8808808809 -1.1990736032 -1.4780708239 0.5000000000
0.8908908909 -1.1918692200 -0.8313263870 0.5000000000
0.9009009009 -1.1846749647 -1.4680308503 0.5000000000
0.9109109109 -1.1774908569 -0.9607965841 0.5000000000
0.9209209209 -1.1703169163 -0.2970018082 0.5000000000
0.9309309309 -1.1631531622 -0.5557625484 0.5000000000
0.9409409409 -1.1559996139 -1.0997203726 0.5000000000
0.9509509510 -1.1488562905 -0.8037149833 0.5000000000
0.9609609610 -1.1417232111 -1.2442030656 0.5000000000
0.9709709710 -1.1346003946 -2.3097903522 0.5000000000
0.9809809810 -1.1274878597 -0.8454433698 0.5000000000
0.9909909910 -1.1203856252 -1.0937394215 0.5000000000
1.0010010010 -1.1132937094 -1.0359736256 0.5000000000
1.0110110110 -1.1062121309 -1.5160459670 0.5000000000
1.0210210210 -1.0991409079 -1.0306972796 0.5000000000
1.0310310310 -1.0920800586 -1.6220152421 0.5000000000
1.0410410410 -1.0850296008 -1.3904571820 0.5000000000
1.0510510511 -1.0779895526 -1.1303491630 0.5000000000
1.0610610611 -1.0709599317 -1.0516563753 0.5000000000
1.0710710711 -1.0639407556 -1.6665602451 0.5000000000
1.0810810811 -1.0569320419 -1.2925786646 0.5000000000
1.0910910911 -1.0499338079 -0.3951097429 0.5000000000
1.1011011011 -1.0429460708 -1.0067549407 0.5000000000
1.1111111111 -1.0359688477 -1.3142659602 0.5000000000
1.1211211211 -1.0290021555 -1.6758534284 0.5000000000
1.1311311311 -1.0220460111 -1.1274808951 0.5000000000
1.1411411411 -1.0151004311 -0.5530934181 0.5000000000
1.1511511512 -1.0081654320 -1.3157361917 0.5000000000
1.1611611612 -1.0012410303 -1.2351624715 0.5000000000
1.1711711712 -0.9943272422 -0.6875266244 0.5000000000
1.1811811812 -0.9874240839 -0.8225287093 0.5000000000
1.1911911912 -0.9805315712 -0.1958577878 0.5000000000
1.2012012012 -0.9736497201 -0.9610989174 0.5000000000
1.2112112112 -0.9667785462 -1.0604142909 0.5000000000
1.2212212212 -0.9599180651 -0.7177074999 0.5000000000
1.2312312312 -0.9530682923 -0.5086110851 0.5000000000
1.2412412412 -0.9462292429 -0.7256838295 0.5000000000
1.2512512513 -0.9394009322 -0.3846498425 0.5000000000
1.2612612613 -0.9325833751 -1.5910207523 0.5000000000
1.2712712713 -0.9257765865 -1.4404140325 0.5000000000
1.2812812813 -0.9189805810 -1.0259017263 0.5000000000
1.2912912913 -0.9121953733 -1.0331321878 0.5000000000
1.3013013013 -0.9054209778 -0.3135430455 0.5000000000
1.3113113113 -0.8986574086 -1.4614023237 0.5000000000
1.3213213213 -0.8919046800 -0.4265962493 0.5000000000
1.3313313313 -0.8851628059 -1.1983491675 0.5000000000
1.3413413413 -0.8784318002 -0.6890759015 0.5000000000
1.3513513514 -0.8717116765 -0.8120850475 0.5000000000
1.3613613614 -0.8650024483 -1.1179300287 0.5000000000
1.3713713714 -0.8583041292 -1.0938458023 0.5000000000
1.3813813814 -0.8516167322 -0.8905138162 0.5000000000
1.3913913914 -0.8449402705 -1.3099131842 0.5000000000
1.4014014014 -0.8382747571 -0.2099339243 0.5000000000
1.4114114114 -0.8316202046 -0.6472228446 0.5000000000
1.4214214214 -0.8249766259 -0.3741494639 0.5000000000
1.4314314314 -0.8183440333 -0.6225810264 0.5000000000
1.4414414414 -0.8117224392 -0.8234956301 0.5000000000
1.4514514515 -0.8051118559 -1.2722848052 0.5000000000
1.4614614615 -0.7985122953 -1.0272398715 0.5000000000
1.4714714715 -0.7919237693 -0.9684650794 0.5000000000
1.4814814815 -0.7853462897 -0.6651265623 0.5000000000
1.4914914915 -0.7787798681 -1.2720195283 0.5000000000
1.5015015015 -0.7722245158 -1.3168976395 0.5000000000
1.5115115115 -0.7656802443 -0.2557212392 0.5000000000
1.5215215215 -0.7591470646 -0.4466521247 0.5000000000
1.5315315315 -0.7526249876 -0.3748265978 0.5000000000
1.5415415415 -0.7461140243 -0.7492764488 0.5000000000
1.5515515516 -0.7396141853 -0.1850324147 0.5000000000
1.5615615616 -0.7331254811 -0.5279182751 0.5000000000
1.5715715716 -0.7266479220 -0.3750852290 0.5000000000
1.5815815816 -0.7201815184 0.3729276703 0.5000000000
1.5915915916 -0.7137262802 -1.0919332550 0.5000000000
1.6016016016 -0.7072822173 -0.5656953035 0.5000000000
1.6116116116 -0.7008493395 -0.3735839054 0.5000000000
1.6216216216 -0.6944276564 -1.2712276856 0.5000000000
1.6316316316 -0.6880171774 -1.1317267696 0.5000000000
1.6416416416 -0.6816179118 -0.6125461622 0.5000000000
1.6516516517 -0.6752298688 -0.6142993955 0.5000000000
1.6616616617 -0.6688530572 -0.6655898451 0.5000000000
1.6716716717 -0.6624874860 -0.9824684520 0.5000000000
1.6816816817 -0.6561331637 -0.8600334118 0.5000000000
1.6916916917 -0.6497900989 -0.7447947466 0.5000000000
1.7017017017 -0.6434583000 -0.9265904954 0.5000000000
1.7117117117 -0.6371377750 -0.6172467961 0.5000000000
1.7217217217 -0.6308285322 -1.4134903607 0.5000000000
1.7317317317 -0.6245305793 -1.1566035710 0.5000000000
1.7417417417 -0.6182439240 -1.3634563121 0.5000000000
1.7517517518 -0.6119685740 0.3027949513 0.5000000000
1.7617617618 -0.6057045367 -0.4011763418 0.5000000000
1.7717717718 -0.5994518193 -1.4859512601 0.5000000000
1.7817817818 -0.5932104289 -0.1904964485 0.5000000000
1.7917917918 -0.5869803725 -0.6600817576 0.5000000000
1.8018018018 -0.5807616569 -0.9982908417 0.5000000000
1.8118118118 -0.5745542886 -0.3511239015 0.5000000000
1.8218218218 -0.5683582742 -0.5708632416 0.5000000000
1.8318318318 -0.5621736201 -0.5785189550 0.5000000000
1.8418418418 -0.5560003323 -0.8181306832 0.5000000000
1.8518518519 -0.5498384168 0.1313907156 0.5000000000
1.8618618619 -0.5436878796 -0.3207901497 0.5000000000
1.8718718719 -0.5375487264 -0.1781887770 0.5000000000
1.8818818819 -0.5314209626 -0.8198486306 0.5000000000
1.8918918919 -0.5253045937 0.6268417917 0.5000000000
1.9019019019 -0.5191996250 -0.4261491614 0.5000000000
1.9119119119 -0.5131060614 -0.5261368639 0.5000000000
1.9219219219 -0.5070239079 0.0899475241 0.5000000000
1.9319319319 -0.5009531694 -0.7706802983 0.5000000000
1.9419419419 -0.4948938503 -1.2259076364 0.5000000000
1.9519519520 -0.4888459552 -0.7491196299 0.5000000000
1.9619619620 -0.4828094884 -1.5496190715 0.5000000000
1.9719719720 -0.4767844540 -0.5916866331 0.5000000000
1.9819819820 -0.4707708561 -0.9248141891 0.5000000000
1.9919919920 -0.4647686984 -0.5079786567 0.5000000000
2.0020020020 -0.4587779847 0.0700099152 0.5000000000
2.0120120120 -0.4527987185 -1.0698089148 0.5000000000
2.0220220220 -0.4468309033 -0.3121166003 0.5000000000
2.0320320320 -0.4408745421 0.4273518493 0.5000000000
2.0420420420 -0.4349296382 -0.2933345136 0.5000000000
2.0520520521 -0.4289961945 -1.2041044967 0.5000000000
2.0620620621 -0.4230742137 0.2209605387 0.5000000000
2.0720720721 -0.4171636985 0.5940762409 0.5000000000
2.0820820821 -0.4112646513 -1.0510317008 0.5000000000
2.0920920921 -0.4053770745 -0.4572255519 0.5000000000
2.1021021021 -0.3995009702 -0.7562434698 0.5000000000
2.1121121121 -0.3936363405 -0.2935221071 0.5000000000
2.1221221221 -0.3877831873 -0.2534458283 0.5000000000
2.1321321321 -0.3819415123 -1.1915515618 0.5000000000
2.1421421421 -0.3761113171 -0.3520242687 0.5000000000
2.1521521522 -0.3702926030 -0.0239315766 0.5000000000
2.1621621622 -0.3644853715 0.2507164772 0.5000000000
2.1721721722 -0.3586896235 -0.2910667479 0.5000000000
2.1821821822 -0.3529053602 0.3272833549 0.5000000000
2.1921921922 -0.3471325824 -0.9010887627 0.5000000000
2.2022022022 -0.3413712907 -0.1106742660 0.5000000000
2.2122122122 -0.3356214858 -0.4838259682 0.5000000000
2.2222222222 -0.3298831679 -0.7194174581 0.5000000000
2.2322322322 -0.3241563375 -0.3065294639 0.5000000000
2.2422422422 -0.3184409945 -0.9906612599 0.5000000000
2.2522522523 -0.3127371391 0.6056686190 0.5000000000
2.2622622623 -0.3070447709 -0.3235760486 0.5000000000
2.2722722723 -0.3013638898 -1.0070150836 0.5000000000
2.2822822823 -0.2956944952 -1.0647157711 0.5000000000
2.2922922923 -0.2900365866 -0.9783503449 0.5000000000
2.3023023023 -0.2843901632 -1.1968896293 0.5000000000
2.3123123123 -0.2787552242 -0.0646968401 0.5000000000
2.3223223223 -0.2731317686 -0.6050612857 0.5000000000
2.3323323323 -0.2675197951 -0.4766413587 0.5000000000
2.3423423423 -0.2619193026 -0.2182835105 0.5000000000
2.3523523524 -0.2563302895 -0.3282479489 0.5000000000
2.3623623624 -0.2507527543 -0.6674358635 0.5000000000
2.3723723724 -0.2451866954 -0.6902103377 0.5000000000
2.3823823824 -0.2396321109 -0.6932088057 0.5000000000
2.3923923924 -0.2340889988 -1.1445875596 0.5000000000
2.4024024024 -0.2285573570 -0.3600178969 0.5000000000
2.4124124124 -0.2230371833 -0.1154697719 0.5000000000
2.4224224224 -0.2175284754 -0.9712969706 0.5000000000
2.4324324324 -0.2120312306 -0.0375492474 0.5000000000
2.4424424424 -0.2065454465 -0.3833191230 0.5000000000
2.4524524525 -0.2010711201 0.5551948152 0.5000000000
2.4624624625 -0.1956082487 -0.1671574888 0.5000000000
2.4724724725 -0.1901568293 -0.7555926225 0.5000000000
2.4824824825 -0.1847168586 0.1664107739 0.5000000000
2.4924924925 -0.1792883334 -0.8692668086 0.5000000000
2.5025025025 -0.1738712503 0.7176083049 0.5000000000
2.5125125125 -0.1684656058 0.5700668814 0.5000000000
2.5225225225 -0.1630713962 -0.4848882277 0.5000000000
2.5325325325 -0.1576886178 -0.3739035495 0.5000000000
2.5425425425 -0.1523172666 -0.1228853518 0.5000000000
2.5525525526 -0.1469573387 -0.5562285069 0.5000000000
2.5625625626 -0.1416088299 0.7528184228 0.5000000000
2.5725725726 -0.1362717360 -0.4603164276 0.5000000000
2.5825825826 -0.1309460526 0.1737292647 0.5000000000
2.5925925926 -0.1256317752 0.3797599839 0.5000000000
2.6026026026 -0.1203288991 0.3061965398 0.5000000000
2.6126126126 -0.1150374197 0.4077488516 0.5000000000
2.6226226226 -0.1097573322 -0.1470241298 0.5000000000
2.6326326326 -0.1044886315 0.2031012308 0.5000000000
2.6426426426 -0.0992313126 -0.7757189908 0.5000000000
2.6526526527 -0.0939853704 0.4819892561 0.5000000000
2.6626626627 -0.0887507995 0.6829361596 0.5000000000
2.6726726727 -0.0835275945 -0.2959729599 0.5000000000
2.6826826827 -0.0783157500 0.1818066075 0.5000000000
2.6926926927 -0.0731152603 0.3674403526 0.5000000000
2.7027027027 -0.0679261197 -0.6248411210 0.5000000000
2.7127127127 -0.0627483224 0.5004720309 0.5000000000
2.7227227227 -0.0575818624 0.2417587703 0.5000000000
2.7327327327 -0.0524267338 0.4384278670 0.5000000000
2.7427427427 -0.0472829304 1.0117551603 0.5000000000
2.7527527528 -0.0421504459 0.4944529601 0.5000000000
2.7627627628 -0.0370292741 -0.0194717272 0.5000000000
2.7727727728 -0.0319194085 -0.3744034653 0.5000000000
2.7827827828 -0.0268208425 -0.4411043637 0.5000000000
2.7927927928 -0.0217335697 -0.5548035777 0.5000000000
2.8028028028 -0.0166575831 -0.0707629450 0.5000000000
2.8128128128 -0.0115928761 0.0405884887 0.5000000000
2.8228228228 -0.0065394417 -0.2170294115 0.5000000000
2.8328328328 -0.0014972729 0.4529493798 0.5000000000
2.8428428428 0.0035336373 -0.2407518413 0.5000000000
2.8528528529 0.0085532961 1.1028639731 0.5000000000
2.8628628629 0.0135617107 0.7562900456 0.5000000000
2.8728728729 0.0185588886 0.0309246853 0.5000000000
2.8828828829 0.0235448371 0.2875964575 0.5000000000
2.8928928929 0.0285195637 1.3246357754 0.5000000000
2.9029029029 0.0334830760 -1.5085447132 0.5000000000
2.9129129129 0.0384353817 0.0175397153 0.5000000000
2.9229229229 0.0433764885 -0.7145822309 0.5000000000
2.9329329329 0.0483064042 0.3233304375 0.5000000000
2.9429429429 0.0532251368 0.1162613000 0.5000000000
2.9529529530 0.0581326941 -0.1883564483 0.5000000000
2.9629629630 0.0630290844 0.6789467119 0.5000000000
2.9729729730 0.0679143155 0.6371968809 0.5000000000
2.9829829830 0.0727883958 0.9456027533 0.5000000000
2.9929929930 0.0776513335 -0.7759126725 0.5000000000
3.0030030030 0.0825031368 -0.0069199856 0.5000000000
3.0130130130 0.0873438143 -0.0004381230 0.5000000000
3.0230230230 0.0921733742 -0.2519037516 0.5000000000
3.0330330330 0.0969918251 -0.6781821492 0.5000000000
3.0430430430 0.1017991756 -0.4707355200 0.5000000000
3.0530530531 0.1065954343 -0.3872041434 0.5000000000
3.0630630631 0.1113806099 0.1368056941 0.5000000000
3.0730730731 0.1161547111 0.2388940608 0.5000000000
3.0830830831 0.1209177466 0.5756750026 0.5000000000
3.0930930931 0.1256697254 0.1410851932 0.5000000000
3.1031031031 0.1304106563 0.7527809285 0.5000000000
3.1131131131 0.1351405482 0.0086294721 0.5000000000
3.1231231231 0.1398594101 0.2714801581 0.5000000000
3.1331331331 0.1445672511 -0.9782925239 0.5000000000
3.1431431431 0.1492640802 -0.1286757935 0.5000000000
3.1531531532 0.1539499065 -0.1232155751 0.5000000000
3.1631631632 0.1586247392 0.1929979988 0.5000000000
3.1731731732 0.1632885874 0.6833019128 0.5000000000
3.1831831832 0.1679414604 -0.0185328430 0.5000000000
3.1931931932 0.1725833674 0.0806386792 0.5000000000
3.2032032032 0.1772143177 -0.2789104725 0.5000000000
3.2132132132 0.1818343206 -0.6415984856 0.5000000000
3.2232232232 0.1864433855 -1.0145272364 0.5000000000
3.2332332332 0.1910415218 -0.1032492622 0.5000000000
3.2432432432 0.1956287388 0.9594853219 0.5000000000
3.2532532533 0.2002050459 0.2748808838 0.5000000000
3.2632632633 0.2047704527 -0.4748286904 0.5000000000
3.2732732733 0.2093249685 -0.0813850816 0.5000000000
3.2832832833 0.2138686028 0.3222282906 0.5000000000
3.2932932933 0.2184013652 0.7125185688 0.5000000000
3.3033033033 0.2229232650 0.0955752024 0.5000000000
3.3133133133 0.2274343119 0.8507761123 0.5000000000
3.3233233233 0.2319345153 0.3634739598 0.5000000000
3.3333333333 0.2364238848 0.1689353667 0.5000000000
3.3433433433 0.2409024300 0.0155181770 0.5000000000
3.3533533534 0.2453701602 0.1362692147 0.5000000000
3.3633633634 0.2498270852 0.2531038786 0.5000000000
3.3733733734 0.2542732143 0.6900915026 0.5000000000
3.3833833834 0.2587085572 -0.0880599266 0.5000000000
3.3933933934 0.2631331233 0.4706273921 0.5000000000
3.4034034034 0.2675469222 0.3800524478 0.5000000000
3.4134134134 0.2719499634 -0.2546268977 0.5000000000
3.4234234234 0.2763422564 0.2372219249 0.5000000000
3.4334334334 0.2807238106 0.7778764681 0.5000000000
3.4434434434 0.2850946355 0.4448093795 0.5000000000
3.4534534535 0.2894547406 0.7987620859 0.5000000000
3.4634634635 0.2938041352 0.4241628778 0.5000000000
3.4734734735 0.2981428288 0.3473951846 0.5000000000
3.4834834835 0.3024708308 -0.3077612055 0.5000000000
3.4934934935 0.3067881504 -0.8855169075 0.5000000000
3.5035035035 0.3110947970 0.7655339038 0.5000000000
3.5135135135 0.3153907798 -0.0933308383 0.5000000000
3.5235235235 0.3196761082 -0.0525176630 0.5000000000
3.5335335335 0.3239507912 0.5776986784 0.5000000000
3.5435435435 0.3282148382 0.7414864322 0.5000000000
3.5535535536 0.3324682581 0.6751330164 0.5000000000
3.5635635636 0.3367110601 0.6246659792 0.5000000000
3.5735735736 0.3409432532 0.0800364388 0.5000000000
3.5835835836 0.3451648464 0.4302275409 0.5000000000
3.5935935936 0.3493758486 0.6978978734 0.5000000000
3.6036036036 0.3535762687 0.7569737515 0.5000000000
3.6136136136 0.3577661154 0.0382798644 0.5000000000
3.6236236236 0.3619453976 0.4001309299 0.5000000000
3.6336336336 0.3661141240 -0.0165830472 0.5000000000
3.6436436436 0.3702723032 0.1535224508 0.5000000000
3.6536536537 0.3744199436 0.3460018257 0.5000000000
3.6636636637 0.3785570539 -0.0850491008 0.5000000000
3.6736736737 0.3826836425 0.2015821832 0.5000000000
3.6836836837 0.3867997176 1.1397852568 0.5000000000
3.6936936937 0.3909052876 0.1988823433 0.5000000000
3.7037037037 0.3950003607 -0.1354075818 0.5000000000
3.7137137137 0.3990849449 0.0061341255 0.5000000000
3.7237237237 0.4031590482 1.0451955108 0.5000000000
3.7337337337 0.4072226786 0.9809842925 0.5000000000
3.7437437437 0.4112758440 0.5538865392 0.5000000000
3.7537537538 0.4153185520 -0.0113212751 0.5000000000
3.7637637638 0.4193508104 0.5159107531 0.5000000000
3.7737737738 0.4233726266 0.9660950153 0.5000000000
3.7837837838 0.4273840081 0.5437689295 0.5000000000
3.7937937938 0.4313849623 0.6319612647 0.5000000000
3.8038038038 0.4353754963 0.5759430230 0.5000000000
3.8138138138 0.4393556174 -0.4352773909 0.5000000000
3.8238238238 0.4433253324 0.0547275456 0.5000000000
3.8338338338 0.4472846483 0.1056234090 0.5000000000
3.8438438438 0.4512335720 0.9807360199 0.5000000000
3.8538538539 0.4551721099 -0.1669489061 0.5000000000
3.8638638639 0.4591002687 0.5372442056 0.5000000000
3.8738738739 0.4630180547 -0.0646469953 0.5000000000
3.8838838839 0.4669254742 0.3768310585 0.5000000000
3.8938938939 0.4708225334 0.3085918239 0.5000000000
3.9039039039 0.4747092381 0.1577243567 0.5000000000
3.9139139139 0.4785855944 -0.0356345069 0.5000000000
3.9239239239 0.4824516079 0.4487691979 0.5000000000
3.9339339339 0.4863072841 0.6605512192 0.5000000000
3.9439439439 0.4901526286 0.1677092938 0.5000000000
3.9539539540 0.4939876464 0.9812017456 0.5000000000
3.9639639640 0.4978123428 0.0701802673 0.5000000000
3.9739739740 0.5016267228 0.5712110536 0.5000000000
3.9839839840 0.5054307910 -0.2171239433 0.5000000000
3.9939939940 0.5092245521 1.3102931274 0.5000000000
4.0040040040 0.5130080106 -0.1838328656 0.5000000000
4.0140140140 0.5167811708 1.0921007841 0.5000000000
4.0240240240 0.5205440368 0.6610584215 0.5000000000
4.0340340340 0.5242966124 1.6292218606 0.5000000000
4.0440440440 0.5280389015 0.9353376228 0.5000000000
4.0540540541 0.5317709077 0.2749645363 0.5000000000
4.0640640641 0.5354926343 -0.6339995047 0.5000000000
4.0740740741 0.5392040845 1.1236515777 0.5000000000
4.0840840841 0.5429052612 0.1351323439 0.5000000000
4.0940940941 0.5465961675 0.8621567795 0.5000000000
4.1041041041 0.5502768057 -0.1955009173 0.5000000000
4.1141141141 0.5539471783 0.3356285871 0.5000000000
4.1241241241 0.5576072875 -0.5871113287 0.5000000000
4.1341341341 0.5612571353 1.2722526244 0.5000000000
4.1441441441 0.5648967235 -0.3754402217 0.5000000000
4.1541541542 0.5685260535 0.4497333665 0.5000000000
4.1641641642 0.5721451268 0.0922953757 0.5000000000
4.1741741742 0.5757539444 0.0090651074 0.5000000000
4.1841841842 0.5793525072 0.8822074191 0.5000000000
4.1941941942 0.5829408159 0.6465756365 0.5000000000
4.2042042042 0.5865188708 0.1486620274 0.5000000000
4.2142142142 0.5900866722 0.7209127571 0.5000000000
4.2242242242 0.5936442199 0.6973731988 0.5000000000
4.2342342342 0.5971915137 0.3143525613 0.5000000000
4.2442442442 0.6007285529 0.0015429398 0.5000000000
4.2542542543 0.6042553369 0.5866143848 0.5000000000
4.2642642643 0.6077718644 0.0909947565 0.5000000000
4.2742742743 0.6112781342 1.2245817166 0.5000000000
4.2842842843 0.6147741447 -0.1517765365 0.5000000000
4.2942942943 0.6182598940 1.5535316876 0.5000000000
4.3043043043 0.6217353799 1.4138242963 0.5000000000
4.3143143143 0.6252006001 0.8738814225 0.5000000000
4.3243243243 0.6286555519 -0.0797671212 0.5000000000
4.3343343343 0.6321002324 0.6267154437 0.5000000000
4.3443443443 0.6355346381 0.5611425463 0.5000000000
4.3543543544 0.6389587657 0.5674094297 0.5000000000
4.3643643644 0.6423726113 0.2484178660 0.5000000000
4.3743743744 0.6457761707 0.3645975638 0.5000000000
4.3843843844 0.6491694395 0.6455480318 0.5000000000
4.3943943944 0.6525524129 -0.4625299025 0.5000000000
4.4044044044 0.6559250860 0.6318553231 0.5000000000
4.4144144144 0.6592874533 1.1866459109 0.5000000000
4.4244244244 0.6626395092 0.0295701340 0.5000000000
4.4344344344 0.6659812477 1.1996756622 0.5000000000
4.4444444444 0.6693126624 -0.4628416408 0.5000000000
4.4544544545 0.6726337467 1.7762781143 0.5000000000
4.4644644645 0.6759444936 0.4392395418 0.5000000000
4.4744744745 0.6792448958 0.1999261499 0.5000000000
4.4844844845 0.6825349457 0.7786657904 0.5000000000
4.4944944945 0.6858146351 0.8889391931 0.5000000000
4.5045045045 0.6890839558 0.4063790862 0.5000000000
4.5145145145 0.6923428991 0.1026194302 0.5000000000
4.5245245245 0.6955914558 0.8867130064 0.5000000000
4.5345345345 0.6988296166 0.0777368902 0.5000000000
4.5445445445 0.7020573717 -0.1405253290 0.5000000000
4.5545545546 0.7052747109 1.2696638295 0.5000000000
4.5645645646 0.7084816237 0.7058887541 0.5000000000
4.5745745746 0.7116780991 0.8085036325 0.5000000000
4.5845845846 0.7148641259 1.5992683657 0.5000000000
4.5945945946 0.7180396924 0.3655671392 0.5000000000
4.6046046046 0.7212047865 0.5930370745 0.5000000000
4.6146146146 0.7243593958 1.4816616348 0.5000000000
4.6246246246 0.7275035073 -0.2250688117 0.5000000000
4.6346346346 0.7306371079 1.8608223096 0.5000000000
4.6446446446 0.7337601838 0.7381553775 0.5000000000
4.6546546547 0.7368727210 1.7582765898 0.5000000000
4.6646646647 0.7399747049 1.6911375512 0.5000000000
4.6746746747 0.7430661207 0.7654398198 0.5000000000
4.6846846847 0.7461469529 0.9855666929 0.5000000000
4.6946946947 0.7492171859 0.3013430716 0.5000000000
4.7047047047 0.7522768033 2.1280907614 0.5000000000
4.7147147147 0.7553257886 -0.1249167931 0.5000000000
4.7247247247 0.7583641247 -0.3361349626 0.5000000000
4.7347347347 0.7613917939 0.8564099319 0.5000000000
4.7447447447 0.7644087783 0.1073446197 0.5000000000
4.7547547548 0.7674150596 0.3431122416 0.5000000000
4.7647647648 0.7704106186 1.0945526871 0.5000000000
4.7747747748 0.7733954362 1.3782573955 0.5000000000
4.7847847848 0.7763694923 0.1428068912 0.5000000000
4.7947947948 0.7793327668 -0.0741563669 0.5000000000
4.8048048048 0.7822852388 0.9223459862 0.5000000000
4.8148148148 0.7852268869 1.5662894878 0.5000000000
4.8248248248 0.7881576896 1.4364305438 0.5000000000
4.8348348348 0.7910776244 0.3112864197 0.5000000000
4.8448448448 0.7939866686 1.0302847745 0.5000000000
4.8548548549 0.7968847989 1.0888148869 0.5000000000
4.8648648649 0.7997719917 0.9426777945 0.5000000000
4.8748748749 0.8026482225 0.5102298389 0.5000000000
4.8848848849 0.8055134665 0.3542523958 0.5000000000
4.8948948949 0.8083676985 1.2441948772 0.5000000000
4.9049049049 0.8112108926 0.9087538889 0.5000000000
4.9149149149 0.8140430223 0.8117978733 0.5000000000
4.9249249249 0.8168640609 -0.0767597998 0.5000000000
4.9349349349 0.8196739807 0.4065829520 0.5000000000
4.9449449449 0.8224727538 1.0279803906 0.5000000000
4.9549549550 0.8252603517 0.6801628720 0.5000000000
4.9649649650 0.8280367451 0.5451947909 0.5000000000
4.9749749750 0.8308019045 0.2875875011 0.5000000000
4.9849849850 0.8335557995 1.3887886749 0.5000000000
4.9949949950 0.8362983994 0.7992407013 0.5000000000
5.0050050050 0.8390296728 1.6862620308 0.5000000000
5.0150150150 0.8417495876 -0.4515307524 0.5000000000
5.0250250250 0.8444581114 0.5578413306 0.5000000000
5.0350350350 0.8471552109 0.6575172978 0.5000000000
5.0450450450 0.8498408524 1.1540838674 0.5000000000
5.0550550551 0.8525150015 0.7204826397 0.5000000000
5.0650650651 0.8551776234 0.8992732171 0.5000000000
5.0750750751 0.8578286824 1.2047357418 0.5000000000
5.0850850851 0.8604681423 0.6825934405 0.5000000000
5.0950950951 0.8630959663 0.3858384103 0.5000000000
5.1051051051 0.8657121170 0.7517187786 0.5000000000
5.1151151151 0.8683165563 0.6212946861 0.5000000000
5.1251251251 0.8709092454 0.7124423836 0.5000000000
5.1351351351 0.8734901451 1.0633371167 0.5000000000
5.1451451451 0.8760592153 0.8159645037 0.5000000000
5.1551551552 0.8786164154 1.3858802489 0.5000000000
5.1651651652 0.8811617041 0.2216752640 0.5000000000
5.1751751752 0.8836950392 -0.1213978766 0.5000000000
5.1851851852 0.8862163783 0.0156814139 0.5000000000
5.1951951952 0.8887256780 1.7895114029 0.5000000000
5.2052052052 0.8912228942 0.5643401929 0.5000000000
5.2152152152 0.8937079823 0.2774329869 0.5000000000
5.2252252252 0.8961808969 0.4645203818 0.5000000000
5.2352352352 0.8986415918 0.9747276818 0.5000000000
5.2452452452 0.9010900204 0.7362528688 0.5000000000
5.2552552553 0.9035261350 0.0368658464 0.5000000000
5.2652652653 0.9059498875 1.2946345474 0.5000000000
5.2752752753 0.9083612290 0.9681793066 0.5000000000
5.2852852853 0.9107601098 1.0043640335 0.5000000000
5.2952952953 0.9131464794 0.4185250949 0.5000000000
5.3053053053 0.9155202869 0.7765022110 0.5000000000
5.3153153153 0.9178814802 0.9733419772 0.5000000000
5.3253253253 0.9202300068 0.8766319008 0.5000000000
5.3353353353 0.9225658133 0.5706654372 0.5000000000
5.3453453453 0.9248888457 1.2499386094 0.5000000000
5.3553553554 0.9271990489 1.1243452134 0.5000000000
5.3653653654 0.9294963673 1.0037194164 0.5000000000
5.3753753754 0.9317807445 0.9432583347 0.5000000000
5.3853853854 0.9340521232 0.9633463100 0.5000000000
5.3953953954 0.9363104455 0.6952787783 0.5000000000
5.4054054054 0.9385556526 0.5286993712 0.5000000000
5.4154154154 0.9407876847 0.1063640297 0.5000000000
5.4254254254 0.9430064816 1.5078835754 0.5000000000
5.4354354354 0.9452119819 0.7576348929 0.5000000000
5.4454454454 0.9474041237 1.1474489489 0.5000000000
5.4554554555 0.9495828441 1.0481102583 0.5000000000
5.4654654655 0.9517480794 1.0785078655 0.5000000000
5.4754754755 0.9538997650 0.3794401802 0.5000000000
5.4854854855 0.9560378356 0.8280766699 0.5000000000
5.4954954955 0.9581622249 0.5784657141 0.5000000000
5.5055055055 0.9602728659 1.6148614541 0.5000000000
5.5155155155 0.9623696907 1.8087435709 0.5000000000
5.5255255255 0.9644526304 1.0967314363 0.5000000000
5.5355355355 0.9665216154 0.1454315473 0.5000000000
5.5455455455 0.9685765751 0.5568651413 0.5000000000
5.5555555556 0.9706174381 1.2960193158 0.5000000000
5.5655655656 0.9726441321 0.5172420218 0.5000000000
5.5755755756 0.9746565838 0.7602070846 0.5000000000
5.5855855856 0.9766547192 -0.1621720961 0.5000000000
5.5955955956 0.9786384631 0.4593696909 0.5000000000
5.6056056056 0.9806077397 0.3995919815 0.5000000000
5.6156156156 0.9825624720 0.9011905438 0.5000000000
5.6256256256 0.9845025824 1.2857101695 0.5000000000
5.6356356356 0.9864279920 1.0949330548 0.5000000000
5.6456456456 0.9883386211 1.0483502760 0.5000000000
5.6556556557 0.9902343892 0.8411524238 0.5000000000
5.6656656657 0.9921152148 0.9310655007 0.5000000000
5.6756756757 0.9939810151 1.0756249488 0.5000000000
5.6856856857 0.9958317068 0.7986777135 0.5000000000
5.6956956957 0.9976672054 0.2140959822 0.5000000000
5.7057057057 0.9994874255 1.4167069583 0.5000000000
5.7157157157 1.0012922806 1.3056349709 0.5000000000
5.7257257257 1.0030816832 0.8214152820 0.5000000000
5.7357357357 1.0048555450 1.1705330905 0.5000000000
5.7457457457 1.0066137765 1.9239253869 0.5000000000
5.7557557558 1.0083562874 0.4385948168 0.5000000000
5.7657657658 1.0100829860 1.2561367037 0.5000000000
5.7757757758 1.0117937800 1.4641378263 0.5000000000
5.7857857858 1.0134885758 0.2736200426 0.5000000000
5.7957957958 1.0151672790 1.3759181989 0.5000000000
5.8058058058 1.0168297938 1.4630998447 0.5000000000
5.8158158158 1.0184760236 1.0355425625 0.5000000000
5.8258258258 1.0201058708 1.1336220160 0.5000000000
5.8358358358 1.0217192365 0.6510893063 0.5000000000
5.8458458458 1.0233160209 1.6429216645 0.5000000000
5.8558558559 1.0248961231 1.2645550952 0.5000000000
5.8658658659 1.0264594411 -0.5667003451 0.5000000000
5.8758758759 1.0280058718 1.3461670089 0.5000000000
5.8858858859 1.0295353110 0.8672833292 0.5000000000
5.8958958959 1.0310476534 0.7439928514 0.5000000000
5.9059059059 1.0325427926 0.6982884558 0.5000000000
5.9159159159 1.0340206209 0.6099501973 0.5000000000
5.9259259259 1.0354810299 1.5010358147 0.5000000000
5.9359359359 1.0369239096 1.5168165285 0.5000000000
5.9459459459 1.0383491492 0.8601289189 0.5000000000
5.9559559560 1.0397566365 0.8868824904 0.5000000000
5.9659659660 1.0411462584 1.2581329759 0.5000000000
5.9759759760 1.0425179004 0.4027953221 0.5000000000
5.9859859860 1.0438714469 0.5849539109 0.5000000000
5.9959959960 1.0452067813 1.5251206900 0.5000000000
6.0060060060 1.0465237855 0.4963191808 0.5000000000
6.0160160160 1.0478223405 1.8062840767 0.5000000000
6.0260260260 1.0491023260 0.3877409882 0.5000000000
6.0360360360 1.0503636204 1.3876442518 0.5000000000
6.0460460460 1.0516061011 1.7601289619 0.5000000000
6.0560560561 1.0528296440 0.1095320517 0.5000000000
6.0660660661 1.0540341240 1.1453966312 0.5000000000
6.0760760761 1.0552194147 1.4188386969 0.5000000000
6.0860860861 1.0563853885 0.8365707127 0.5000000000
6.0960960961 1.0575319164 0.5123324779 0.5000000000
6.1061061061 1.0586588683 0.3795127650 0.5000000000
6.1161161161 1.0597661129 1.2506415003 0.5000000000
6.1261261261 1.0608535174 0.7597349338 0.5000000000
6.1361361361 1.0619209478 1.2770380877 0.5000000000
6.1461461461 1.0629682690 0.8571611760 0.5000000000
6.1561561562 1.0639953443 0.9832606782 0.5000000000
6.1661661662 1.0650020361 0.5182056060 0.5000000000
6.1761761762 1.0659882050 1.0528677367 0.5000000000
6.1861861862 1.0669537108 0.0350235369 0.5000000000
6.1961961962 1.0678984115 1.0521757128 0.5000000000
6.2062062062 1.0688221641 1.6067285673 0.5000000000
6.2162162162 1.0697248242 1.5891456709 0.5000000000
6.2262262262 1.0706062460 1.1296285177 0.5000000000
6.2362362362 1.0714662823 0.7114714966 0.5000000000
6.2462462462 1.0723047847 1.0710678876 0.5000000000
6.2562562563 1.0731216032 0.1751437842 0.5000000000
6.2662662663 1.0739165867 0.6143382617 0.5000000000
6.2762762763 1.0746895825 0.5409642242 0.5000000000
6.2862862863 1.0754404367 1.5559212409 0.5000000000
6.2962962963 1.0761689937 1.6976109695 0.5000000000
6.3063063063 1.0768750968 0.8696868548 0.5000000000
6.3163163163 1.0775585878 1.0045893451 0.5000000000
6.3263263263 1.0782193070 0.1185325553 0.5000000000
6.3363363363 1.0788570933 1.7565411064 0.5000000000
6.3463463463 1.0794717843 -0.3987222557 0.5000000000
6.3563563564 1.0800632159 0.8006963830 0.5000000000
6.3663663664 1.0806312228 1.1212195223 0.5000000000
6.3763763764 1.0811756380 1.5061980443 0.5000000000
6.3863863864 1.0816962933 0.7153550869 0.5000000000
6.3963963964 1.0821930188 1.3660912913 0.5000000000
6.4064064064 1.0826656432 1.4718086355 0.5000000000
6.4164164164 1.0831139937 0.1640805494 0.5000000000
6.4264264264 1.0835378960 0.6276832230 0.5000000000
6.4364364364 1.0839371743 0.8563360650 0.5000000000
6.4464464464 1.0843116513 1.0554986242 0.5000000000
6.4564564565 1.0846611482 0.3960671965 0.5000000000
6.4664664665 1.0849854845 1.6113727818 0.5000000000
6.4764764765 1.0852844784 0.4135020717 0.5000000000
6.4864864865 1.0855579463 1.3536018846 0.5000000000
6.4964964965 1.0858057033 0.8231626762 0.5000000000
6.5065065065 1.0860275627 1.0250374088 0.5000000000
6.5165165165 1.0862233365 0.6267466442 0.5000000000
6.5265265265 1.0863928347 1.0769951861 0.5000000000
6.5365365365 1.0865358662 1.9225173654 0.5000000000
6.5465465465 1.0866522380 1.6663480588 0.5000000000
6.5565565566 1.0867417554 1.1643839489 0.5000000000
6.5665665666 1.0868042225 -0.0262840004 0.5000000000
6.5765765766 1.0868394413 1.3709489376 0.5000000000
6.5865865866 1.0868472125 1.2293717534 0.5000000000
6.5965965966 1.0868273350 1.3216583290 0.5000000000
6.6066066066 1.0867796061 1.6765240259 0.5000000000
6.6166166166 1.0867038215 2.0634202841 0.5000000000
6.6266266266 1.0865997751 1.0202239373 0.5000000000
6.6366366366 1.0864672592 1.0176580517 0.5000000000
6.6466466466 1.0863060645 0.3730358239 0.5000000000
6.6566566567 1.0861159799 1.2720133217 0.5000000000
6.6666666667 1.0858967925 1.4721045285 0.5000000000
6.6766766767 1.0856482880 1.3461214025 0.5000000000
6.6866866867 1.0853702501 1.0427956032 0.5000000000
6.6966966967 1.0850624609 1.5060045353 0.5000000000
6.7067067067 1.0847247008 1.0852225512 0.5000000000
6.7167167167 1.0843567483 0.5284471849 0.5000000000
6.7267267267 1.0839583802 1.8146273274 0.5000000000
6.7367367367 1.0835293718 -0.3371674584 0.5000000000
6.7467467467 1.0830694963 1.4349290539 0.5000000000
6.7567567568 1.0825785252 2.1319597379 0.5000000000
6.7667667668 1.0820562283 1.4674189007 0.5000000000
6.7767767768 1.0815023736 0.7420011743 0.5000000000
6.7867867868 1.0809167272 1.0814665756 0.5000000000
6.7967967968 1.0802990535 0.8689579889 0.5000000000
6.8068068068 1.0796491149 1.1034824613 0.5000000000
6.8168168168 1.0789666722 1.2693878921 0.5000000000
6.8268268268 1.0782514843 1.2777366375 0.5000000000
6.8368368368 1.0775033081 1.3726982057 0.5000000000
6.8468468468 1.0767218987 0.0167815801 0.5000000000
6.8568568569 1.0759070095 1.4748043356 0.5000000000
6.8668668669 1.0750583919 1.6809705441 0.5000000000
6.8768768769 1.0741757953 0.8566755263 0.5000000000
6.8868868869 1.0732589675 1.0767660545 0.5000000000
6.8968968969 1.0723076541 1.1377726017 0.5000000000
6.9069069069 1.0713215989 0.7689469509 0.5000000000
6.9169169169 1.0703005439 0.5868770470 0.5000000000
6.9269269269 1.0692442290 0.8300387082 0.5000000000
6.9369369369 1.0681523922 1.0344254912 0.5000000000
6.9469469469 1.0670247695 1.8421709350 0.5000000000
6.9569569570 1.0658610952 1.9188735031 0.5000000000
6.9669669670 1.0646611014 1.0613560289 0.5000000000
6.9769769770 1.0634245182 0.9747067739 0.5000000000
6.9869869870 1.0621510738 1.2701155400 0.5000000000
6.9969969970 1.0608404944 0.2765025201 0.5000000000
7.0070070070 1.0594925043 0.8805444224 0.5000000000
7.0170170170 1.0581068256 1.8522730277 0.5000000000
7.0270270270 1.0566831783 1.8565335311 0.5000000000
7.0370370370 1.0552212808 1.1645305201 0.5000000000
7.0470470470 1.0537208490 0.7418046628 0.5000000000
7.0570570571 1.0521815970 1.5737386913 0.5000000000
7.0670670671 1.0506032368 1.8085611015 0.5000000000
7.0770770771 1.0489854782 0.5774706678 0.5000000000
7.0870870871 1.0473280291 1.9598449707 0.5000000000
7.0970970971 1.0456305952 0.9177389855 0.5000000000
7.1071071071 1.0438928802 1.2061162373 0.5000000000
7.1171171171 1.0421145855 0.9569280159 0.5000000000
7.1271271271 1.0402954106 1.5110977472 0.5000000000
7.1371371371 1.0384350529 0.6877543181 0.5000000000
7.1471471471 1.0365332073 2.2749720368 0.5000000000
7.1571571572 1.0345895669 0.9012332103 0.5000000000
7.1671671672 1.0326038227 1.2972206570 0.5000000000
7.1771771772 1.0305756631 1.5762940191 0.5000000000
7.1871871872 1.0285047748 1.1671960693 0.5000000000
7.1971971972 1.0263908421 0.8788624033 0.5000000000
7.2072072072 1.0242335471 0.9486132514 0.5000000000
7.2172172172 1.0220325697 -0.4971129878 0.5000000000
7.2272272272 1.0197875876 1.6754563083 0.5000000000
7.2372372372 1.0174982763 0.8814435288 0.5000000000
7.2472472472 1.0151643090 0.8414162301 0.5000000000
7.2572572573 1.0127853568 0.0421521151 0.5000000000
7.2672672673 1.0103610884 1.2628794113 0.5000000000
7.2772772773 1.0078911702 0.9829443635 0.5000000000
7.2872872873 1.0053752666 0.1076207943 0.5000000000
7.2972972973 1.0028130393 1.7963823064 0.5000000000
7.3073073073 1.0002041481 1.4638397268 0.5000000000
7.3173173173 0.9975482502 0.3244678635 0.5000000000
7.3273273273 0.9948450008 0.7379081906 0.5000000000
7.3373373373 0.9920940524 1.7347048526 0.5000000000
7.3473473473 0.9892950555 0.5803297584 0.5000000000
7.3573573574 0.9864476579 0.3598296227 0.5000000000
7.3673673674 0.9835515055 1.0820639744 0.5000000000
7.3773773774 0.9806062415 0.3522196935 0.5000000000
7.3873873874 0.9776115068 1.0525681533 0.5000000000
7.3973973974 0.9745669399 1.1086862490 0.5000000000
7.4074074074 0.9714721770 1.1468080435 0.5000000000
7.4174174174 0.9683268518 0.3441897609 0.5000000000
7.4274274274 0.9651305956 0.9024655482 0.5000000000
7.4374374374 0.9618830374 0.4305551153 0.5000000000
7.4474474474 0.9585838035 0.2321322247 0.5000000000
7.4574574575 0.9552325180 0.6303506482 0.5000000000
7.4674674675 0.9518288024 1.2310304106 0.5000000000
7.4774774775 0.9483722758 1.2504927379 0.5000000000
7.4874874875 0.9448625549 0.6722220472 0.5000000000
7.4974974975 0.9412992536 0.4467543324 0.5000000000
7.5075075075 0.9376819837 0.7825884161 0.5000000000
7.5175175175 0.9340103543 1.2125491849 0.5000000000
7.5275275275 0.9302839719 1.0763686076 0.5000000000
7.5375375375 0.9265024406 0.9227503235 0.5000000000
7.5475475475 0.9226653619 0.9549418533 0.5000000000
7.5575575576 0.9187723347 1.7860701941 0.5000000000
7.5675675676 0.9148229556 0.1431736639 0.5000000000
7.5775775776 0.9108168183 0.7866304624 0.5000000000
7.5875875876 0.9067535140 0.7689621042 0.5000000000
7.5975975976 0.9026326314 0.9033154235 0.5000000000
7.6076076076 0.8984537566 0.6920861606 0.5000000000
7.6176176176 0.8942164730 0.8025613117 0.5000000000
7.6276276276 0.8899203614 0.6384038157 0.5000000000
7.6376376376 0.8855650000 0.4546491065 0.5000000000
7.6476476476 0.8811499642 1.0613112593 0.5000000000
7.6576576577 0.8766748270 1.3517922652 0.5000000000
7.6676676677 0.8721391585 1.2954255732 0.5000000000
7.6776776777 0.8675425263 1.3966296974 0.5000000000
7.6876876877 0.8628844952 0.9312207122 0.5000000000
7.6976976977 0.8581646273 0.8367541877 0.5000000000
7.7077077077 0.8533824820 0.7303805441 0.5000000000
7.7177177177 0.8485376159 0.7071515341 0.5000000000
7.7277277277 0.8436295831 0.8185445211 0.5000000000
7.7377377377 0.8386579348 0.7201622486 0.5000000000
7.7477477477 0.8336222193 -0.3907696125 0.5000000000
7.7577577578 0.8285219824 0.5772126026 0.5000000000
7.7677677678 0.8233567669 0.5639800157 0.5000000000
7.7777777778 0.8181261131 0.8334660365 0.5000000000
7.7877877878 0.8128295581 1.2295519078 0.5000000000
7.7977977978 0.8074666364 0.7424387282 0.5000000000
7.8078078078 0.8020368798 0.4234402911 0.5000000000
7.8178178178 0.7965398171 0.8763551363 0.5000000000
7.8278278278 0.7909749743 0.6142067959 0.5000000000
7.8378378378 0.7853418744 0.0193216503 0.5000000000
7.8478478478 0.7796400378 1.0223613994 0.5000000000
7.8578578579 0.7738689819 1.4594599313 0.5000000000
7.8678678679 0.7680282211 1.0354305135 0.5000000000
7.8778778779 0.7621172670 0.9375693728 0.5000000000
7.8878878879 0.7561356284 1.2875487367 0.5000000000
7.8978978979 0.7500828109 -0.0316404135 0.5000000000
7.9079079079 0.7439583174 0.3055449696 0.5000000000
7.9179179179 0.7377616478 0.9444733545 0.5000000000
7.9279279279 0.7314922989 0.9146219798 0.5000000000
7.9379379379 0.7251497647 1.2364668493 0.5000000000
7.9479479479 0.7187335362 0.6992557916 0.5000000000
7.9579579580 0.7122431013 0.9792830587 0.5000000000
7.9679679680 0.7056779450 0.7922547864 0.5000000000
7.9779779780 0.6990375492 1.2829402232 0.5000000000
7.9879879880 0.6923213928 -0.0026080698 0.5000000000
7.9979979980 0.6855289517 -0.2898232718 0.5000000000
8.0080080080 0.6786596988 0.6520758375 0.5000000000
8.0180180180 0.6717131037 0.5668527800 0.5000000000
8.0280280280 0.6646886332 -0.2119249405 0.5000000000
8.0380380380 0.6575857508 0.3148481784 0.5000000000
8.0480480480 0.6504039171 1.1554647640 0.5000000000
8.0580580581 0.6431425895 0.3248769420 0.5000000000
8.0680680681 0.6358012221 -0.1964380106 0.5000000000
8.0780780781 0.6283792662 0.3154905493 0.5000000000
8.0880880881 0.6208761697 0.5603682200 0.5000000000
8.0980980981 0.6132913775 1.2224244934 0.5000000000
8.1081081081 0.6056243311 1.5439239255 0.5000000000
8.1181181181 0.5978744692 1.4232828582 0.5000000000
8.1281281281 0.5900412269 0.7737238557 0.5000000000
8.1381381381 0.5821240364 0.7110158009 0.5000000000
8.1481481481 0.5741223266 0.4790968997 0.5000000000
8.1581581582 0.5660355229 1.1028847921 0.5000000000
8.1681681682 0.5578630480 0.6056658232 0.5000000000
8.1781781782 0.5496043208 0.7703826748 0.5000000000
8.1881881882 0.5412587573 0.8049593986 0.5000000000
8.1981981982 0.5328257700 0.1741950097 0.5000000000
8.2082082082 0.5243047683 1.0047582771 0.5000000000
8.2182182182 0.5156951582 1.2347864548 0.5000000000
8.2282282282 0.5069963424 -0.0580802734 0.5000000000
8.2382382382 0.4982077203 0.8025432847 0.5000000000
8.2482482482 0.4893286878 -0.0357315863 0.5000000000
8.2582582583 0.4803586377 0.3257710207 0.5000000000
8.2682682683 0.4712969592 0.9663419861 0.5000000000
8.2782782783 0.4621430384 0.0575435752 0.5000000000
8.2882882883 0.4528962578 1.4886011748 0.5000000000
8.2982982983 0.4435559966 0.7814187583 0.5000000000
8.3083083083 0.4341216304 0.4766546587 0.5000000000
8.3183183183 0.4245925317 0.4492986899 0.5000000000
8.3283283283 0.4149680693 0.0419749466 0.5000000000
8.3383383383 0.4052476086 0.4484565327 0.5000000000
8.3483483483 0.3954305117 0.7962307660 0.5000000000
8.3583583584 0.3855161370 -0.1317845045 0.5000000000
8.3683683684 0.3755038396 1.5252571665 0.5000000000
8.3783783784 0.3653929710 0.3327536922 0.5000000000
8.3883883884 0.3551828791 0.2695926717 0.5000000000
8.3983983984 0.3448729086 0.4195818252 0.5000000000
8.4084084084 0.3344624003 -0.7578201311 0.5000000000
8.4184184184 0.3239506916 -0.5572411817 0.5000000000
8.4284284284 0.3133371164 0.3809409960 0.5000000000
8.4384384384 0.3026210050 0.6373499086 0.5000000000
8.4484484484 0.2918016840 -0.1207425018 0.5000000000
8.4584584585 0.2808784766 0.1450410268 0.5000000000
8.4684684685 0.2698507021 -0.3527165374 0.5000000000
8.4784784785 0.2587176765 0.6025491984 0.5000000000
8.4884884885 0.2474787119 -0.3757637397 0.5000000000
8.4984984985 0.2361331169 0.6971823137 0.5000000000
8.5085085085 0.2246801965 -0.1437037107 0.5000000000
8.5185185185 0.2131192518 0.0975248977 0.5000000000
8.5285285285 0.2014495803 0.7067861150 0.5000000000
8.5385385385 0.1896704759 -0.0265363966 0.5000000000
8.5485485485 0.1777812288 -0.0715021150 0.5000000000
8.5585585586 0.1657811253 0.3762153811 0.5000000000
8.5685685686 0.1536694480 0.9785261748 0.5000000000
8.5785785786 0.1414454759 -0.6411973813 0.5000000000
8.5885885886 0.1291084841 -0.8027641308 0.5000000000
8.5985985986 0.1166577439 0.0784020028 0.5000000000
8.6086086086 0.1040925229 0.6897311761 0.5000000000
8.6186186186 0.0914120849 0.3618296495 0.5000000000
8.6286286286 0.0786156897 0.2137112732 0.5000000000
8.6386386386 0.0657025936 1.0252289861 0.5000000000
8.6486486486 0.0526720487 -0.4088145496 0.5000000000
8.6586586587 0.0395233035 0.2861273599 0.5000000000
8.6686686687 0.0262556025 0.5351937367 0.5000000000
8.6786786787 0.0128681863 0.1458343292 0.5000000000
8.6886886887 -0.0006397083 0.2095110266 0.5000000000
8.6986986987 -0.0142688484 0.1954351889 0.5000000000
8.7087087087 -0.0280200052 0.7650865812 0.5000000000
8.7187187187 -0.0418939536 -0.4743281774 0.5000000000
8.7287287287 -0.0558914727 0.1030392209 0.5000000000
8.7387387387 -0.0700133453 0.1155078693 0.5000000000
8.7487487487 -0.0842603584 0.0515527596 0.5000000000
8.7587587588 -0.0986333029 -0.0583246823 0.5000000000
8.7687687688 -0.1131329737 -0.1479268579 0.5000000000
8.7787787788 -0.1277601696 0.4976597832 0.5000000000
8.7887887888 -0.1425156937 0.4969975482 0.5000000000
8.7987987988 -0.1574003530 -0.9896757936 0.5000000000
8.8088088088 -0.1724149585 -0.5539753838 0.5000000000
8.8188188188 -0.1875603253 1.1353278128 0.5000000000
8.8288288288 -0.2028372726 -0.7423894144 0.5000000000
8.8388388388 -0.2182466238 -0.3319835691 0.5000000000
8.8488488488 -0.2337892062 -0.3023399771 0.5000000000
8.8588588589 -0.2494658515 -0.2680812584 0.5000000000
8.8688688689 -0.2652773952 -0.2630692062 0.5000000000
8.8788788789 -0.2812246773 0.1553359963 0.5000000000
8.8888888889 -0.2973085417 0.1785853707 0.5000000000
8.8988988989 -0.3135298367 -1.2498211372 0.5000000000
8.9089089089 -0.3298894145 -0.6285025306 0.5000000000
8.9189189189 -0.3463881318 0.6241529301 0.5000000000
8.9289289289 -0.3630268495 0.3709164742 0.5000000000
8.9389389389 -0.3798064324 -1.2500924116 0.5000000000
8.9489489489 -0.3967277500 -0.4962580079 0.5000000000
8.9589589590 -0.4137916758 0.3324175830 0.5000000000
8.9689689690 -0.4309990876 -0.2832055786 0.5000000000
8.9789789790 -0.4483508675 -0.6209259699 0.5000000000
8.9889889890 -0.4658479020 -0.8775111660 0.5000000000
8.9989989990 -0.4834910818 -0.2653143047 0.5000000000
9.0090090090 -0.5012813020 -0.5038523280 0.5000000000
9.0190190190 -0.5192194620 0.4111733279 0.5000000000
9.0290290290 -0.5373064656 -0.2239250724 0.5000000000
9.0390390390 -0.5555432210 -0.7463850038 0.5000000000
9.0490490490 -0.5739306407 0.1158909850 0.5000000000
9.0590590591 -0.5924696416 -0.6310243241 0.5000000000
9.0690690691 -0.6111611452 -0.4363247070 0.5000000000
9.0790790791 -0.6300060772 -1.4542086344 0.5000000000
9.0890890891 -0.6490053679 -1.0174281373 0.5000000000
9.0990990991 -0.6681599520 -0.8709320125 0.5000000000
9.1091091091 -0.6874707686 -0.9907218332 0.5000000000
9.1191191191 -0.7069387615 -1.0285902873 0.5000000000
9.1291291291 -0.7265648787 -0.8691180354 0.5000000000
9.1391391391 -0.7463500731 -0.9056603068 0.5000000000
9.1491491491 -0.7662953017 -0.1971713529 0.5000000000
9.1591591592 -0.7864015264 -0.0169074520 0.5000000000
9.1691691692 -0.8066697135 0.0536577335 0.5000000000
9.1791791792 -0.8271008338 -0.8025354437 0.5000000000
9.1891891892 -0.8476958629 -0.6832735537 0.5000000000
9.1991991992 -0.8684557808 -1.2830459076 0.5000000000
9.2092092092 -0.8893815723 -0.9554803167 0.5000000000
9.2192192192 -0.9104742266 -2.0139323535 0.5000000000
9.2292292292 -0.9317347378 -0.9092893985 0.5000000000
9.2392392392 -0.9531641045 -1.5001561647 0.5000000000
9.2492492492 -0.9747633300 -1.4298860479 0.5000000000
9.2592592593 -0.9965334222 -0.6706330399 0.5000000000
9.2692692693 -1.0184753940 -0.6511541414 0.5000000000
9.2792792793 -1.0405902627 -1.0130881604 0.5000000000
9.2892892893 -1.0628790506 -0.9682254752 0.5000000000
9.2992992993 -1.0853427844 -2.0211273024 0.5000000000
9.3093093093 -1.1079824959 -1.3016745371 0.5000000000
9.3193193193 -1.1307992215 -1.3606826157 0.5000000000
9.3293293293 -1.1537940025 -1.6348608838 0.5000000000
9.3393393393 -1.1769678849 -1.9624988169 0.5000000000
9.3493493493 -1.2003219196 -1.5734506786 0.5000000000
9.3593593594 -1.2238571622 -2.1509322690 0.5000000000
9.3693693694 -1.2475746734 -1.0276944017 0.5000000000
9.3793793794 -1.2714755186 -1.3130691198 0.5000000000
9.3893893894 -1.2955607680 -1.1737810305 0.5000000000
9.3993993994 -1.3198314969 -0.9936888946 0.5000000000
9.4094094094 -1.3442887853 -1.2322767385 0.5000000000
9.4194194194 -1.3689337184 -1.6746325749 0.5000000000
9.4294294294 -1.3937673860 -1.5190148447 0.5000000000
9.4394394394 -1.4187908831 -0.9524631611 0.5000000000
9.4494494494 -1.4440053097 -1.8449261190 0.5000000000
9.4594594595 -1.4694117705 -0.3288237358 0.5000000000
9.4694694695 -1.4950113755 -1.8648417237 0.5000000000
9.4794794795 -1.5208052396 -0.7364872354 0.5000000000
9.4894894895 -1.5467944828 -1.8487747383 0.5000000000
9.4994994995 -1.5729802299 -2.1553724741 0.5000000000
9.5095095095 -1.5993636111 -1.3257800918 0.5000000000
9.5195195195 -1.6259457614 -1.4365408200 0.5000000000
9.5295295295 -1.6527278211 -2.4705053484 0.5000000000
9.5395395395 -1.6797109355 -1.8935727558 0.5000000000
9.5495495495 -1.7068962550 -1.5760850506 0.5000000000
9.5595595596 -1.7342849352 -2.8474475053 0.5000000000
9.5695695696 -1.7618781369 -1.0279070291 0.5000000000
9.5795795796 -1.7896770258 -1.2415043103 0.5000000000
9.5895895896 -1.8176827731 -1.9182914090 0.5000000000
9.5995995996 -1.8458965551 -2.4989761280 0.5000000000
9.6096096096 -1.8743195533 -2.0234532126 0.5000000000
9.6196196196 -1.9029529543 -1.9669582599 0.5000000000
9.6296296296 -1.9317979501 -1.8346617210 0.5000000000
9.6396396396 -1.9608557380 -1.7212022772 0.5000000000
9.6496496496 -1.9901275205 -2.5071925897 0.5000000000
9.6596596597 -2.0196145053 -2.3775903518 0.5000000000
9.6696696697 -2.0493179056 -1.8758271288 0.5000000000
9.6796796797 -2.0792389397 -1.8888647553 0.5000000000
9.6896896897 -2.1093788314 -1.5141456127 0.5000000000
9.6996996997 -2.1397388099 -2.4619828063 0.5000000000
9.7097097097 -2.1703201095 -2.3888118955 0.5000000000
9.7197197197 -2.2011239702 -1.8180346357 0.5000000000
9.7297297297 -2.2321516372 -2.4633979040 0.5000000000
9.7397397397 -2.2634043613 -2.0322611027 0.5000000000
9.7497497497 -2.2948833984 -2.6685639479 0.5000000000
9.7597597598 -2.3265900102 -1.8647948130 0.5000000000
9.7697697698 -2.3585254637 -2.4629442181 0.5000000000
9.7797797798 -2.3906910313 -2.8081208328 0.5000000000
9.7897897898 -2.4230879911 -2.8098891648 0.5000000000
9.7997997998 -2.4557176266 -2.4555395242 0.5000000000
9.8098098098 -2.4885812268 -2.4077099641 0.5000000000
9.8198198198 -2.5216800862 -2.4067703525 0.5000000000
9.8298298298 -2.5550155051 -2.7898688617 0.5000000000
9.8398398398 -2.5885887890 -2.0894117076 0.5000000000
9.8498498498 -2.6224012493 -2.6614288430 0.5000000000
9.8598598599 -2.6564542029 -3.3602005036 0.5000000000
9.8698698699 -2.6907489723 -2.5480353856 0.5000000000
9.8798798799 -2.7252868857 -3.2539943566 0.5000000000
9.8898898899 -2.7600692768 -1.9652302845 0.5000000000
9.8998998999 -2.7950974852 -2.7633315327 0.5000000000
9.9099099099 -2.8303728559 -2.8841718804 0.5000000000
9.9199199199 -2.8658967400 -2.4553908368 0.5000000000
9.9299299299 -2.9016704939 -3.3423438728 0.5000000000
9.9399399399 -2.9376954799 -3.6583567288 0.5000000000
9.9499499499 -2.9739730662 -3.7181349807 0.5000000000
9.9599599600 -3.0105046266 -3.7674769688 0.5000000000
9.9699699700 -3.0472915407 -3.6698784984 0.5000000000
9.9799799800 -3.0843351939 -3.1959705556 0.5000000000
9.9899899900 -3.1216369774 -2.6554419483 0.5000000000
10.0000000000 -3.1591982883 -3.1370900696 0.5000000000
