0.0000000000 -0.5618817359 -0.6382270736 0.2000000000
0.0100100100 -0.5611461612 -0.6532010013 0.2000000000
0.0200200200 -0.5604084949 -0.6120175514 0.2000000000
0.0300300300 -0.5596687163 -0.4178916490 0.2000000000
0.0400400400 -0.5589268049 -0.5328432832 0.2000000000
0.0500500501 -0.5581827398 -0.7418243909 0.2000000000
0.0600600601 -0.5574365002 -0.6300231809 0.2000000000
0.0700700701 -0.5566880653 -0.5902167161 0.2000000000
0.0800800801 -0.5559374140 -0.6866315913 0.2000000000
0.0900900901 -0.5551845254 -0.8750349454 0.2000000000
0.1001001001 -0.5544293783 -0.3850312446 0.2000000000
0.1101101101 -0.5536719515 -0.6756962054 0.2000000000
0.1201201201 -0.5529122237 -0.2854447136 0.2000000000
0.1301301301 -0.5521501737 -0.5586766600 0.2000000000
0.1401401401 -0.5513857800 -0.4901005586 0.2000000000
0.1501501502 -0.5506190210 -0.4257717058 0.2000000000
0.1601601602 -0.5498498754 -0.5335787719 0.2000000000
0.1701701702 -0.5490783214 -0.7209359356 0.2000000000
0.1801801802 -0.5483043373 -0.4775604404 0.2000000000
0.1901901902 -0.5475279013 -0.5099612036 0.2000000000
0.2002002002 -0.5467489917 -0.7361157165 0.2000000000
0.2102102102 -0.5459675865 -0.8980754695 0.2000000000
0.2202202202 -0.5451836637 -0.7834673867 0.2000000000
0.2302302302 -0.5443972013 -0.4234736760 0.2000000000
0.2402402402 -0.5436081771 -0.4135755403 0.2000000000
0.2502502503 -0.5428165689 -0.4741168358 0.2000000000
0.2602602603 -0.5420223545 -0.6447482610 0.2000000000
0.2702702703 -0.5412255116 -0.7261520724 0.2000000000
0.2802802803 -0.5404260177 -0.7235096697 0.2000000000
0.2902902903 -0.5396238504 -0.2839292731 0.2000000000
0.3003003003 -0.5388189872 -0.4805976842 0.2000000000
0.3103103103 -0.5380114054 -0.6539680979 0.2000000000
0.3203203203 -0.5372010823 -0.7265685763 0.2000000000
0.3303303303 -0.5363879953 -0.5440439553 0.2000000000
0.3403403403 -0.5355721215 -0.4346498813 0.2000000000
0.3503503504 -0.5347534381 -0.9010139158 0.2000000000
0.3603603604 -0.5339319221 -0.4757116552 0.2000000000
0.3703703704 -0.5331075505 -0.5338218476 0.2000000000
0.3803803804 -0.5322803003 -0.6096473719 0.2000000000
0.3903903904 -0.5314501484 -0.2624036883 0.2000000000
0.4004004004 -0.5306170714 -0.1937780529 0.2000000000
0.4104104104 -0.5297810462 -0.2448752435 0.2000000000
0.4204204204 -0.5289420495 -0.4256604585 0.2000000000
0.4304304304 -0.5281000579 -0.6323886834 0.2000000000
0.4404404404 -0.5272550479 -0.4233930913 0.2000000000
0.4504504505 -0.5264069961 -0.2691595816 0.2000000000
0.4604604605 -0.5255558788 -0.4563933661 0.2000000000
0.4704704705 -0.5247016724 -0.9295935673 0.2000000000
0.4804804805 -0.5238443533 -0.6509476189 0.2000000000
0.4904904905 -0.5229838976 -0.4106568512 0.2000000000
0.5005005005 -0.5221202817 -0.4055732174 0.2000000000
0.5105105105 -0.5212534815 -0.3772285117 0.2000000000
0.5205205205 -0.5203834733 -0.4600807760 0.2000000000
0.5305305305 -0.5195102329 -0.7380251335 0.2000000000
0.5405405405 -0.5186337364 -0.2875267494 0.2000000000
0.5505505506 -0.5177539597 -0.6027040795 0.2000000000
0.5605605606 -0.5168708785 -0.7771462011 0.2000000000
0.5705705706 -0.5159844688 -0.1506119128 0.2000000000
0.5805805806 -0.5150947061 -0.4598972750 0.2000000000
0.5905905906 -0.5142015662 -0.5109440949 0.2000000000
0.6006006006 -0.5133050247 -0.3258081820 0.2000000000
0.6106106106 -0.5124050572 -0.5354132825 0.2000000000
0.6206206206 -0.5115016392 -0.5564000975 0.2000000000
0.6306306306 -0.5105947461 -0.4979223732 0.2000000000
0.6406406406 -0.5096843533 -0.5295104052 0.2000000000
0.6506506507 -0.5087704362 -0.3926622872 0.2000000000
0.6606606607 -0.5078529701 -0.1430147037 0.2000000000
0.6706706707 -0.5069319302 -0.5153144886 0.2000000000
0.6806806807 -0.5060072917 -0.4746722741 0.2000000000
0.6906906907 -0.5050790298 -0.4466925994 0.2000000000
0.7007007007 -0.5041471196 -0.3359280981 0.2000000000
0.7107107107 -0.5032115361 -0.6354922474 0.2000000000
0.7207207207 -0.5022722542 -0.2910628805 0.2000000000
0.7307307307 -0.5013292491 -0.4372737164 0.2000000000
0.7407407407 -0.5003824954 -0.3702616350 0.2000000000
0.7507507508 -0.4994319682 -0.2947947729 0.2000000000
0.7607607608 -0.4984776422 -0.6813469070 0.2000000000
0.7707707708 -0.4975194921 -0.2291044548 0.2000000000
0.7807807808 -0.4965574928 -0.3110780867 0.2000000000
0.7907907908 -0.4955916187 -0.5228197374 0.2000000000
0.8008008008 -0.4946218447 -0.7043023215 0.2000000000
0.8108108108 -0.4936481452 -0.6500968454 0.2000000000
0.8208208208 -0.4926704947 -0.4880027432 0.2000000000
0.8308308308 -0.4916888679 -0.4145367211 0.2000000000
0.8408408408 -0.4907032391 -0.2684720319 0.2000000000
0.8508508509 -0.4897135827 -0.3660458129 0.2000000000
0.8608608609 -0.4887198732 -0.5421830830 0.2000000000
0.8708708709 -0.4877220847 -0.0621763085 0.2000000000
0.8808808809 -0.4867201917 -0.3745246203 0.2000000000
0.8908908909 -0.4857141684 -0.6856373749 0.2000000000
0.9009009009 -0.4847039889 -0.3833407593 0.2000000000
0.9109109109 -0.4836896275 -0.7042814348 0.2000000000
0.9209209209 -0.4826710583 -0.6061500817 0.2000000000
0.9309309309 -0.4816482553 -0.2958456493 0.2000000000
0.9409409409 -0.4806211927 -0.2524082852 0.2000000000
0.9509509510 -0.4795898445 -0.6422720300 0.2000000000
0.9609609610 -0.4785541846 -0.1376953670 0.2000000000
0.9709709710 -0.4775141871 -0.6829645573 0.2000000000
0.9809809810 -0.4764698258 -0.1874254702 0.2000000000
0.9909909910 -0.4754210746 -0.5032019021 0.2000000000
1.0010010010 -0.4743679073 -0.7593071464 0.2000000000
1.0110110110 -0.4733102979 -0.5554654947 0.2000000000
1.0210210210 -0.4722482201 -0.4906270339 0.2000000000
1.0310310310 -0.4711816477 -0.6010943322 0.2000000000
1.0410410410 -0.4701105543 -0.6446979141 0.2000000000
1.0510510511 -0.4690349138 -0.4148602639 0.2000000000
1.0610610611 -0.4679546998 -0.8046298854 0.2000000000
1.0710710711 -0.4668698858 -0.4398115082 0.2000000000
1.0810810811 -0.4657804457 -0.7367304102 0.2000000000
1.0910910911 -0.4646863528 -0.4963221302 0.2000000000
1.1011011011 -0.4635875809 -0.6409959362 0.2000000000
1.1111111111 -0.4624841035 -0.5933561432 0.2000000000
1.1211211211 -0.4613758940 -0.2880925066 0.2000000000
1.1311311311 -0.4602629260 -0.8694796349 0.2000000000
1.1411411411 -0.4591451730 -0.5590513955 0.2000000000
1.1511511512 -0.4580226084 -0.3072764621 0.2000000000
1.1611611612 -0.4568952056 -0.4521093073 0.2000000000
1.1711711712 -0.4557629381 -0.4409986769 0.2000000000
1.1811811812 -0.4546257792 -0.4410708724 0.2000000000
1.1911911912 -0.4534837024 -0.4913570949 0.2000000000
1.2012012012 -0.4523366809 -0.2810846587 0.2000000000
1.2112112112 -0.4511846881 -0.3233999883 0.2000000000
1.2212212212 -0.4500276974 -0.6590652363 0.2000000000
1.2312312312 -0.4488656819 -0.2250688427 0.2000000000
1.2412412412 -0.4476986151 -0.4372563063 0.2000000000
1.2512512513 -0.4465264702 -0.3541780428 0.2000000000
1.2612612613 -0.4453492205 -0.3786996980 0.2000000000
1.2712712713 -0.4441668392 -0.2669777240 0.2000000000
1.2812812813 -0.4429792994 -0.4067282853 0.2000000000
1.2912912913 -0.4417865746 -0.3433587944 0.2000000000
1.3013013013 -0.4405886378 -0.5253872638 0.2000000000
1.3113113113 -0.4393854623 0.0625971978 0.2000000000
1.3213213213 -0.4381770213 -0.4402654974 0.2000000000
1.3313313313 -0.4369632880 -0.7190643944 0.2000000000
1.3413413413 -0.4357442355 -0.5286783837 0.2000000000
1.3513513514 -0.4345198370 -0.0569350812 0.2000000000
1.3613613614 -0.4332900657 -0.4825511504 0.2000000000
1.3713713714 -0.4320548947 -0.6241589402 0.2000000000
1.3813813814 -0.4308142973 -0.5326819740 0.2000000000
1.3913913914 -0.4295682465 -0.3782515701 0.2000000000
1.4014014014 -0.4283167155 -0.2871210820 0.2000000000
1.4114114114 -0.4270596775 -0.4572297457 0.2000000000
1.4214214214 -0.4257971056 -0.2853712436 0.2000000000
1.4314314314 -0.4245289730 -0.6813967346 0.2000000000
1.4414414414 -0.4232552529 -0.4711200525 0.2000000000
1.4514514515 -0.4219759183 -0.4558705736 0.2000000000
1.4614614615 -0.4206909424 -0.3087566983 0.2000000000
1.4714714715 -0.4194002985 -0.6618113698 0.2000000000
1.4814814815 -0.4181039596 -0.3087273476 0.2000000000
1.4914914915 -0.4168018990 -0.3575832651 0.2000000000
1.5015015015 -0.4154940899 -0.6113159273 0.2000000000
1.5115115115 -0.4141805053 -0.4801742118 0.2000000000
1.5215215215 -0.4128611185 -0.1882222828 0.2000000000
1.5315315315 -0.4115359028 -0.1625465706 0.2000000000
1.5415415415 -0.4102048313 -0.0147893307 0.2000000000
1.5515515516 -0.4088678773 -0.1502628837 0.2000000000
1.5615615616 -0.4075250140 -0.3333052105 0.2000000000
1.5715715716 -0.4061762146 -0.4673054084 0.2000000000
1.5815815816 -0.4048214525 -0.2147858777 0.2000000000
1.5915915916 -0.4034607008 -0.5939400534 0.2000000000
1.6016016016 -0.4020939330 0.0007490709 0.2000000000
1.6116116116 -0.4007211223 -0.5578409654 0.2000000000
1.6216216216 -0.3993422420 -0.5710389216 0.2000000000
1.6316316316 -0.3979572656 -0.2854685540 0.2000000000
1.6416416416 -0.3965661663 -0.3049655566 0.2000000000
1.6516516517 -0.3951689176 -0.3672118891 0.2000000000
1.6616616617 -0.3937654929 -0.3540685821 0.2000000000
1.6716716717 -0.3923558656 -0.3664083435 0.2000000000
1.6816816817 -0.3909400092 -0.3148205740 0.2000000000
1.6916916917 -0.3895178972 -0.1278169128 0.2000000000
1.7017017017 -0.3880895031 -0.7238498918 0.2000000000
1.7117117117 -0.3866548004 -0.5521080473 0.2000000000
1.7217217217 -0.3852137627 -0.3557811926 0.2000000000
1.7317317317 -0.3837663637 -0.0894078278 0.2000000000
1.7417417417 -0.3823125768 -0.6852015911 0.2000000000
1.7517517518 -0.3808523758 -0.7376504187 0.2000000000
1.7617617618 -0.3793857345 -0.2489316538 0.2000000000
1.7717717718 -0.3779126264 -0.7853549458 0.2000000000
1.7817817818 -0.3764330254 -0.6584447261 0.2000000000
1.7917917918 -0.3749469052 0.0000677094 0.2000000000
1.8018018018 -0.3734542398 -0.4146083003 0.2000000000
1.8118118118 -0.3719550029 -0.3010991013 0.2000000000
1.8218218218 -0.3704491685 -0.1692779724 0.2000000000
1.8318318318 -0.3689367106 -0.5128782080 0.2000000000
1.8418418418 -0.3674176030 -0.7244171311 0.2000000000
1.8518518519 -0.3658918199 -0.4632852107 0.2000000000
1.8618618619 -0.3643593354 0.1075384434 0.2000000000
1.8718718719 -0.3628201235 -0.0210310783 0.2000000000
1.8818818819 -0.3612741584 -0.5271072859 0.2000000000
1.8918918919 -0.3597214144 -0.4444056383 0.2000000000
1.9019019019 -0.3581618656 -0.3970284523 0.2000000000
1.9119119119 -0.3565954865 0.0919362776 0.2000000000
1.9219219219 -0.3550222513 -0.5943763104 0.2000000000
1.9319319319 -0.3534421345 -0.6970042062 0.2000000000
1.9419419419 -0.3518551106 -0.3613700710 0.2000000000
1.9519519520 -0.3502611541 -0.3248182186 0.2000000000
1.9619619620 -0.3486602395 -0.6524548992 0.2000000000
1.9719719720 -0.3470523414 -0.3182682719 0.2000000000
1.9819819820 -0.3454374347 -0.5586576644 0.2000000000
1.9919919920 -0.3438154940 -0.3989989058 0.2000000000
2.0020020020 -0.3421864941 -0.2266364110 0.2000000000
2.0120120120 -0.3405504099 -0.2728371147 0.2000000000
2.0220220220 -0.3389072163 -0.3630443950 0.2000000000
2.0320320320 -0.3372568884 -0.4518506710 0.2000000000
2.0420420420 -0.3355994012 -0.1261797441 0.2000000000
2.0520520521 -0.3339347297 -0.0363279463 0.2000000000
2.0620620621 -0.3322628493 -0.4469572719 0.2000000000
2.0720720721 -0.3305837352 -0.5254355744 0.2000000000
2.0820820821 -0.3288973627 -0.0777717322 0.2000000000
2.0920920921 -0.3272037073 -0.2481503249 0.2000000000
2.1021021021 -0.3255027443 -0.1258631756 0.2000000000
2.1121121121 -0.3237944494 -0.3274344547 0.2000000000
2.1221221221 -0.3220787982 -0.5012314401 0.2000000000
2.1321321321 -0.3203557663 -0.1790528035 0.2000000000
2.1421421421 -0.3186253297 -0.2782888589 0.2000000000
2.1521521522 -0.3168874641 -0.9235085114 0.2000000000
2.1621621622 -0.3151421455 -0.5414310697 0.2000000000
2.1721721722 -0.3133893499 -0.3240265530 0.2000000000
2.1821821822 -0.3116290534 -0.3047020154 0.2000000000
2.1921921922 -0.3098612322 -0.6878644174 0.2000000000
2.2022022022 -0.3080858627 -0.0325569527 0.2000000000
2.2122122122 -0.3063029211 -0.1350319902 0.2000000000
2.2222222222 -0.3045123840 -0.4542524423 0.2000000000
2.2322322322 -0.3027142278 -0.1823531895 0.2000000000
2.2422422422 -0.3009084293 -0.1045948642 0.2000000000
2.2522522523 -0.2990949652 -0.2422359862 0.2000000000
2.2622622623 -0.2972738122 -0.0751128544 0.2000000000
2.2722722723 -0.2954449474 -0.4271166401 0.2000000000
2.2822822823 -0.2936083477 -0.3260074141 0.2000000000
2.2922922923 -0.2917639902 -0.4478351430 0.2000000000
2.3023023023 -0.2899118523 -0.1232264398 0.2000000000
2.3123123123 -0.2880519112 -0.2003309872 0.2000000000
2.3223223223 -0.2861841444 -0.5155339321 0.2000000000
2.3323323323 -0.2843085293 -0.3423303150 0.2000000000
2.3423423423 -0.2824250437 -0.3554802889 0.2000000000
2.3523523524 -0.2805336653 -0.4880550988 0.2000000000
2.3623623624 -0.2786343719 -0.2441538538 0.2000000000
2.3723723724 -0.2767271415 0.0305215062 0.2000000000
2.3823823824 -0.2748119523 -0.4090124244 0.2000000000
2.3923923924 -0.2728887823 -0.4194819234 0.2000000000
2.4024024024 -0.2709576100 -0.2752657583 0.2000000000
2.4124124124 -0.2690184137 -0.9438136180 0.2000000000
2.4224224224 -0.2670711721 -0.0835824002 0.2000000000
2.4324324324 -0.2651158637 -0.7298542898 0.2000000000
2.4424424424 -0.2631524674 -0.3421798206 0.2000000000
2.4524524525 -0.2611809621 -0.0211481968 0.2000000000
2.4624624625 -0.2592013268 -0.3075020446 0.2000000000
2.4724724725 -0.2572135408 -0.0224855171 0.2000000000
2.4824824825 -0.2552175833 -0.2406933511 0.2000000000
2.4924924925 -0.2532134337 -0.1203493089 0.2000000000
2.5025025025 -0.2512010717 -0.3661689992 0.2000000000
2.5125125125 -0.2491804769 -0.5530258849 0.2000000000
2.5225225225 -0.2471516291 -0.2529241882 0.2000000000
2.5325325325 -0.2451145083 -0.3930225796 0.2000000000
2.5425425425 -0.2430690947 -0.2685034985 0.2000000000
2.5525525526 -0.2410153685 -0.2780487577 0.2000000000
2.5625625626 -0.2389533100 -0.0487593655 0.2000000000
2.5725725726 -0.2368828999 -0.0516559268 0.2000000000
2.5825825826 -0.2348041187 -0.2824590295 0.2000000000
2.5925925926 -0.2327169474 0.0395254151 0.2000000000
2.6026026026 -0.2306213669 -0.3869815430 0.2000000000
2.6126126126 -0.2285173583 -0.1947365055 0.2000000000
2.6226226226 -0.2264049029 -0.2240105565 0.2000000000
2.6326326326 -0.2242839822 -0.2955904493 0.2000000000
2.6426426426 -0.2221545778 -0.1659835342 0.2000000000
2.6526526527 -0.2200166713 -0.2411021383 0.2000000000
2.6626626627 -0.2178702448 -0.3391558312 0.2000000000
2.6726726727 -0.2157152803 0.0108760124 0.2000000000
2.6826826827 -0.2135517600 -0.2945084531 0.2000000000
2.6926926927 -0.2113796664 -0.4776521361 0.2000000000
2.7027027027 -0.2091989819 -0.1121899800 0.2000000000
2.7127127127 -0.2070096894 -0.4859810781 0.2000000000
2.7227227227 -0.2048117718 -0.3934250744 0.2000000000
2.7327327327 -0.2026052121 -0.4125680859 0.2000000000
2.7427427427 -0.2003899937 -0.0899006708 0.2000000000
2.7527527528 -0.1981660999 -0.0790046678 0.2000000000
2.7627627628 -0.1959335143 -0.2312206464 0.2000000000
2.7727727728 -0.1936922208 -0.2560770207 0.2000000000
2.7827827828 -0.1914422034 0.1472521874 0.2000000000
2.7927927928 -0.1891834461 -0.3081354791 0.2000000000
2.8028028028 -0.1869159335 -0.1955501166 0.2000000000
2.8128128128 -0.1846396499 -0.2709349092 0.2000000000
2.8228228228 -0.1823545801 -0.1030986231 0.2000000000
2.8328328328 -0.1800607091 -0.0927190982 0.2000000000
2.8428428428 -0.1777580220 -0.2667962268 0.2000000000
2.8528528529 -0.1754465040 -0.2566020829 0.2000000000
2.8628628629 -0.1731261407 -0.5166154814 0.2000000000
2.8728728729 -0.1707969179 -0.4926421230 0.2000000000
2.8828828829 -0.1684588213 -0.1860662365 0.2000000000
2.8928928929 -0.1661118372 -0.0470566457 0.2000000000
2.9029029029 -0.1637559519 0.0967668876 0.2000000000
2.9129129129 -0.1613911519 -0.4882871004 0.2000000000
2.9229229229 -0.1590174240 0.0090762220 0.2000000000
2.9329329329 -0.1566347551 0.0339123250 0.2000000000
2.9429429429 -0.1542431323 -0.0183086205 0.2000000000
2.9529529530 -0.1518425432 -0.3035867749 0.2000000000
2.9629629630 -0.1494329753 -0.0444451628 0.2000000000
2.9729729730 -0.1470144164 -0.0273799252 0.2000000000
2.9829829830 -0.1445868547 -0.1587991234 0.2000000000
2.9929929930 -0.1421502783 -0.2566968281 0.2000000000
3.0030030030 -0.1397046759 -0.0842435542 0.2000000000
3.0130130130 -0.1372500361 -0.0859000063 0.2000000000
3.0230230230 -0.1347863479 -0.1975880214 0.2000000000
3.0330330330 -0.1323136006 0.0664467330 0.2000000000
3.0430430430 -0.1298317836 -0.3960984275 0.2000000000
3.0530530531 -0.1273408867 -0.0614632134 0.2000000000
3.0630630631 -0.1248408996 -0.1784486978 0.2000000000
3.0730730731 -0.1223318126 -0.2023505434 0.2000000000
3.0830830831 -0.1198136162 -0.4096913388 0.2000000000
3.0930930931 -0.1172863010 -0.5368130855 0.2000000000
3.1031031031 -0.1147498579 -0.1709653902 0.2000000000
3.1131131131 -0.1122042781 0.1282981347 0.2000000000
3.1231231231 -0.1096495531 -0.3416232953 0.2000000000
3.1331331331 -0.1070856745 -0.2094818211 0.2000000000
3.1431431431 -0.1045126344 -0.2416386325 0.2000000000
3.1531531532 -0.1019304248 0.1422215560 0.2000000000
3.1631631632 -0.0993390383 0.0716910700 0.2000000000
3.1731731732 -0.0967384677 0.1396920849 0.2000000000
3.1831831832 -0.0941287059 -0.3002538018 0.2000000000
3.1931931932 -0.0915097463 -0.1890609417 0.2000000000
3.2032032032 -0.0888815824 -0.1504901504 0.2000000000
3.2132132132 -0.0862442081 0.3823484260 0.2000000000
3.2232232232 -0.0835976175 -0.0355180579 0.2000000000
3.2332332332 -0.0809418050 -0.0993419729 0.2000000000
3.2432432432 -0.0782767654 0.0094729326 0.2000000000
3.2532532533 -0.0756024935 -0.3095774914 0.2000000000
3.2632632633 -0.0729189847 0.0690427694 0.2000000000
3.2732732733 -0.0702262345 0.0537688441 0.2000000000
3.2832832833 -0.0675242388 -0.1449658042 0.2000000000
3.2932932933 -0.0648129938 -0.3199154689 0.2000000000
3.3033033033 -0.0620924960 0.0364074701 0.2000000000
3.3133133133 -0.0593627420 -0.1902461557 0.2000000000
3.3233233233 -0.0566237290 -0.0998617811 0.2000000000
3.3333333333 -0.0538754543 0.0444391830 0.2000000000
3.3433433433 -0.0511179156 -0.2650955827 0.2000000000
3.3533533534 -0.0483511110 -0.0361470531 0.2000000000
3.3633633634 -0.0455750388 -0.4355935734 0.2000000000
3.3733733734 -0.0427896976 -0.0870078995 0.2000000000
3.3833833834 -0.0399950863 -0.2831618028 0.2000000000
3.3933933934 -0.0371912043 -0.0844362561 0.2000000000
3.4034034034 -0.0343780512 0.1184144884 0.2000000000
3.4134134134 -0.0315556269 -0.0426702480 0.2000000000
3.4234234234 -0.0287239317 -0.1579147232 0.2000000000
3.4334334334 -0.0258829662 0.3769975125 0.2000000000
3.4434434434 -0.0230327315 -0.1416533143 0.2000000000
3.4534534535 -0.0201732287 0.1721207682 0.2000000000
3.4634634635 -0.0173044595 -0.1928613153 0.2000000000
3.4734734735 -0.0144264260 0.0197349436 0.2000000000
3.4834834835 -0.0115391304 -0.0167726321 0.2000000000
3.4934934935 -0.0086425754 0.0515341528 0.2000000000
3.5035035035 -0.0057367642 0.1274094922 0.2000000000
3.5135135135 -0.0028217000 -0.1757272370 0.2000000000
3.5235235235 0.0001026132 -0.0608908502 0.2000000000
3.5335335335 0.0030361714 -0.0696337950 0.2000000000
3.5435435435 0.0059789702 0.1971425098 0.2000000000
3.5535535536 0.0089310045 0.1666782116 0.2000000000
3.5635635636 0.0118922691 -0.2037121293 0.2000000000
3.5735735736 0.0148627585 -0.0663775658 0.2000000000
3.5835835836 0.0178424666 0.0754442996 0.2000000000
3.5935935936 0.0208313870 0.2132679428 0.2000000000
3.6036036036 0.0238295130 -0.0993835181 0.2000000000
3.6136136136 0.0268368374 0.3195182470 0.2000000000
3.6236236236 0.0298533526 -0.2568173410 0.2000000000
3.6336336336 0.0328790507 0.0560874407 0.2000000000
3.6436436436 0.0359139233 0.0845661938 0.2000000000
3.6536536537 0.0389579616 -0.2688072642 0.2000000000
3.6636636637 0.0420111566 0.3123675108 0.2000000000
3.6736736737 0.0450734986 0.2668082681 0.2000000000
3.6836836837 0.0481449777 0.0295086339 0.2000000000
3.6936936937 0.0512255834 0.3239940291 0.2000000000
3.7037037037 0.0543153050 -0.2838363912 0.2000000000
3.7137137137 0.0574141312 0.0246075887 0.2000000000
3.7237237237 0.0605220504 -0.2024089111 0.2000000000
3.7337337337 0.0636390505 0.3429564112 0.2000000000
3.7437437437 0.0667651189 -0.2373232499 0.2000000000
3.7537537538 0.0699002428 -0.0421157093 0.2000000000
3.7637637638 0.0730444087 0.2400259606 0.2000000000
3.7737737738 0.0761976028 0.1545345678 0.2000000000
3.7837837838 0.0793598108 -0.2747537766 0.2000000000
3.7937937938 0.0825310180 -0.0591241323 0.2000000000
3.8038038038 0.0857112092 0.1548127131 0.2000000000
3.8138138138 0.0889003689 0.4728494711 0.2000000000
3.8238238238 0.0920984808 -0.0856134155 0.2000000000
3.8338338338 0.0953055286 0.3365968128 0.2000000000
3.8438438438 0.0985214951 0.1653979595 0.2000000000
3.8538538539 0.1017463628 -0.0096094928 0.2000000000
3.8638638639 0.1049801139 0.2169876698 0.2000000000
3.8738738739 0.1082227299 0.2215122994 0.2000000000
3.8838838839 0.1114741918 -0.1914548137 0.2000000000
3.8938938939 0.1147344803 0.1342327913 0.2000000000
3.9039039039 0.1180035756 -0.0549500491 0.2000000000
3.9139139139 0.1212814572 0.1449887703 0.2000000000
3.9239239239 0.1245681042 0.0757936918 0.2000000000
3.9339339339 0.1278634954 0.1404098930 0.2000000000
3.9439439439 0.1311676088 0.1158669510 0.2000000000
3.9539539540 0.1344804221 -0.1043610792 0.2000000000
3.9639639640 0.1378019125 0.1313537788 0.2000000000
3.9739739740 0.1411320564 0.1092437562 0.2000000000
3.9839839840 0.1444708301 0.1979103152 0.2000000000
3.9939939940 0.1478182090 0.0221260629 0.2000000000
4.0040040040 0.1511741683 0.5869916501 0.2000000000
4.0140140140 0.1545386825 0.0514764030 0.2000000000
4.0240240240 0.1579117255 0.0538323882 0.2000000000
4.0340340340 0.1612932709 0.3430747818 0.2000000000
4.0440440440 0.1646832915 0.1848469970 0.2000000000
4.0540540541 0.1680817597 0.1855898934 0.2000000000
4.0640640641 0.1714886473 0.4629171848 0.2000000000
4.0740740741 0.1749039257 0.1393650723 0.2000000000
4.0840840841 0.1783275655 0.2665351350 0.2000000000
4.0940940941 0.1817595369 0.3101686353 0.2000000000
4.1041041041 0.1851998095 0.6918499204 0.2000000000
4.1141141141 0.1886483523 0.0746828426 0.2000000000
4.1241241241 0.1921051339 0.1857367364 0.2000000000
4.1341341341 0.1955701220 -0.0057379842 0.2000000000
4.1441441441 0.1990432841 -0.0281477551 0.2000000000
4.1541541542 0.2025245867 -0.0614717311 0.2000000000
4.1641641642 0.2060139961 0.2085464094 0.2000000000
4.1741741742 0.2095114778 0.1820002950 0.2000000000
4.1841841842 0.2130169968 0.0890162685 0.2000000000
4.1941941942 0.2165305174 0.1833439918 0.2000000000
4.2042042042 0.2200520033 0.1701879649 0.2000000000
4.2142142142 0.2235814177 0.2614620164 0.2000000000
4.2242242242 0.2271187231 0.4343847592 0.2000000000
4.2342342342 0.2306638814 -0.0044763222 0.2000000000
4.2442442442 0.2342168539 0.0359522488 0.2000000000
4.2542542543 0.2377776013 0.1348896457 0.2000000000
4.2642642643 0.2413460836 -0.0423865944 0.2000000000
4.2742742743 0.2449222602 0.3612753834 0.2000000000
4.2842842843 0.2485060898 0.1473819233 0.2000000000
4.2942942943 0.2520975306 0.0601452975 0.2000000000
4.3043043043 0.2556965400 0.6928370292 0.2000000000
4.3143143143 0.2593030749 0.4988055229 0.2000000000
4.3243243243 0.2629170914 0.5206238367 0.2000000000
4.3343343343 0.2665385450 0.1308755130 0.2000000000
4.3443443443 0.2701673905 0.3568464248 0.2000000000
4.3543543544 0.2738035821 0.4694015977 0.2000000000
4.3643643644 0.2774470733 0.3534156118 0.2000000000
4.3743743744 0.2810978168 0.6918433760 0.2000000000
4.3843843844 0.2847557649 0.1414669785 0.2000000000
4.3943943944 0.2884208690 0.2736370882 0.2000000000
4.4044044044 0.2920930797 0.1530408268 0.2000000000
4.4144144144 0.2957723472 0.3387104593 0.2000000000
4.4244244244 0.2994586207 0.2567548159 0.2000000000
4.4344344344 0.3031518489 0.3120687247 0.2000000000
4.4444444444 0.3068519798 0.3654989569 0.2000000000
4.4544544545 0.3105589605 0.2339128542 0.2000000000
4.4644644645 0.3142727376 0.4800374060 0.2000000000
4.4744744745 0.3179932567 0.5701045245 0.2000000000
4.4844844845 0.3217204629 0.1776578909 0.2000000000
4.4944944945 0.3254543005 0.1995299829 0.2000000000
4.5045045045 0.3291947130 0.0410940173 0.2000000000
4.5145145145 0.3329416432 0.0163556402 0.2000000000
4.5245245245 0.3366950333 0.4184485451 0.2000000000
4.5345345345 0.3404548244 0.3090964109 0.2000000000
4.5445445445 0.3442209571 0.2610034328 0.2000000000
4.5545545546 0.3479933712 0.0685374782 0.2000000000
4.5645645646 0.3517720057 0.4940787588 0.2000000000
4.5745745746 0.3555567988 -0.1820932528 0.2000000000
4.5845845846 0.3593476879 0.0726078803 0.2000000000
4.5945945946 0.3631446096 0.5659787328 0.2000000000
4.6046046046 0.3669474999 0.5156067744 0.2000000000
4.6146146146 0.3707562938 0.5056651514 0.2000000000
4.6246246246 0.3745709256 0.2999019998 0.2000000000
4.6346346346 0.3783913287 0.3189243434 0.2000000000
4.6446446446 0.3822174357 0.6719968055 0.2000000000
4.6546546547 0.3860491785 0.3179205520 0.2000000000
4.6646646647 0.3898864881 0.4853004146 0.2000000000
4.6746746747 0.3937292946 0.3122324480 0.2000000000
4.6846846847 0.3975775273 0.3647525243 0.2000000000
4.6946946947 0.4014311149 0.5190526108 0.2000000000
4.7047047047 0.4052899849 0.6080528559 0.2000000000
4.7147147147 0.4091540641 0.3909764428 0.2000000000
4.7247247247 0.4130232785 0.1251143588 0.2000000000
4.7347347347 0.4168975531 0.1761718028 0.2000000000
4.7447447447 0.4207768122 0.6314225770 0.2000000000
4.7547547548 0.4246609792 0.4669676645 0.2000000000
4.7647647648 0.4285499764 0.4869721855 0.2000000000
4.7747747748 0.4324437255 0.4439983231 0.2000000000
4.7847847848 0.4363421471 0.5427056282 0.2000000000
4.7947947948 0.4402451612 0.3771583097 0.2000000000
4.8048048048 0.4441526865 0.0674130372 0.2000000000
4.8148148148 0.4480646411 0.2827823385 0.2000000000
4.8248248248 0.4519809420 0.5744720449 0.2000000000
4.8348348348 0.4559015054 0.0467159736 0.2000000000
4.8448448448 0.4598262466 0.2540349213 0.2000000000
4.8548548549 0.4637550799 0.4447872011 0.2000000000
4.8648648649 0.4676879186 0.4332351222 0.2000000000
4.8748748749 0.4716246751 0.2158980883 0.2000000000
4.8848848849 0.4755652611 0.8206868871 0.2000000000
4.8948948949 0.4795095869 0.3967022901 0.2000000000
4.9049049049 0.4834575623 0.4818364233 0.2000000000
4.9149149149 0.4874090957 0.3688934930 0.2000000000
4.9249249249 0.4913640948 0.1512315580 0.2000000000
4.9349349349 0.4953224664 0.4405557636 0.2000000000
4.9449449449 0.4992841160 0.3179468357 0.2000000000
4.9549549550 0.5032489484 0.5789368739 0.2000000000
4.9649649650 0.5072168673 0.3775061157 0.2000000000
4.9749749750 0.5111877753 0.2243709657 0.2000000000
4.9849849850 0.5151615742 0.3980529485 0.2000000000
4.9949949950 0.5191381647 0.5111337760 0.2000000000
5.0050050050 0.5231174463 0.3099372195 0.2000000000
5.0150150150 0.5270993177 0.9391674311 0.2000000000
5.0250250250 0.5310836765 0.3115206148 0.2000000000
5.0350350350 0.5350704193 0.3842362039 0.2000000000
5.0450450450 0.5390594415 0.4036201009 0.2000000000
5.0550550551 0.5430506377 0.6311286245 0.2000000000
5.0650650651 0.5470439012 0.3641110137 0.2000000000
5.0750750751 0.5510391244 0.4173723134 0.2000000000
5.0850850851 0.5550361985 0.8059691074 0.2000000000
5.0950950951 0.5590350138 0.1393414078 0.2000000000
5.1051051051 0.5630354592 0.6395396757 0.2000000000
5.1151151151 0.5670374229 0.8087322403 0.2000000000
5.1251251251 0.5710407917 0.6872951988 0.2000000000
5.1351351351 0.5750454515 0.6442317790 0.2000000000
5.1451451451 0.5790512870 0.5331591896 0.2000000000
5.1551551552 0.5830581816 0.4517421244 0.2000000000
5.1651651652 0.5870660180 0.6195507617 0.2000000000
5.1751751752 0.5910746774 0.5713074714 0.2000000000
5.1851851852 0.5950840399 0.2975069508 0.2000000000
5.1951951952 0.5990939848 0.7895075380 0.2000000000
5.2052052052 0.6031043897 0.4542665974 0.2000000000
5.2152152152 0.6071151316 0.6516516567 0.2000000000
5.2252252252 0.6111260858 0.3811537796 0.2000000000
5.2352352352 0.6151371269 0.5715198025 0.2000000000
5.2452452452 0.6191481281 0.5848686747 0.2000000000
5.2552552553 0.6231589613 0.5823699459 0.2000000000
5.2652652653 0.6271694974 0.4070215882 0.2000000000
5.2752752753 0.6311796061 0.4443480541 0.2000000000
5.2852852853 0.6351891557 0.6996290070 0.2000000000
5.2952952953 0.6391980136 0.8233667998 0.2000000000
5.3053053053 0.6432060456 0.6881685370 0.2000000000
5.3153153153 0.6472131165 0.5272571257 0.2000000000
5.3253253253 0.6512190899 0.4393156919 0.2000000000
5.3353353353 0.6552238280 0.5026908214 0.2000000000
5.3453453453 0.6592271919 0.5541154157 0.2000000000
5.3553553554 0.6632290413 0.6517236821 0.2000000000
5.3653653654 0.6672292347 0.9067411677 0.2000000000
5.3753753754 0.6712276294 0.5621088502 0.2000000000
5.3853853854 0.6752240814 0.8097907131 0.2000000000
5.3953953954 0.6792184451 0.6563453991 0.2000000000
5.4054054054 0.6832105742 0.4541750127 0.2000000000
5.4154154154 0.6872003205 0.8265809931 0.2000000000
5.4254254254 0.6911875349 0.7579249383 0.2000000000
5.4354354354 0.6951720667 1.1095038954 0.2000000000
5.4454454454 0.6991537642 0.9374485995 0.2000000000
5.4554554555 0.7031324740 1.1207779084 0.2000000000
5.4654654655 0.7071080415 0.8561603979 0.2000000000
5.4754754755 0.7110803110 0.8314958532 0.2000000000
5.4854854855 0.7150491250 0.9643335936 0.2000000000
5.4954954955 0.7190143250 0.5227668131 0.2000000000
5.5055055055 0.7229757508 0.3007405678 0.2000000000
5.5155155155 0.7269332412 0.7700095046 0.2000000000
5.5255255255 0.7308866334 0.7140388290 0.2000000000
5.5355355355 0.7348357631 0.4765056641 0.2000000000
5.5455455455 0.7387804647 0.7761967440 0.2000000000
5.5555555556 0.7427205713 0.5692432381 0.2000000000
5.5655655656 0.7466559145 0.7552952948 0.2000000000
5.5755755756 0.7505863243 1.1154946982 0.2000000000
5.5855855856 0.7545116295 0.8090568210 0.2000000000
5.5955955956 0.7584316574 0.6556539779 0.2000000000
5.6056056056 0.7623462337 0.7370520272 0.2000000000
5.6156156156 0.7662551829 0.7697846484 0.2000000000
5.6256256256 0.7701583277 0.9176935789 0.2000000000
5.6356356356 0.7740554896 0.8826760541 0.2000000000
5.6456456456 0.7779464886 0.8939631091 0.2000000000
5.6556556557 0.7818311429 0.6554826191 0.2000000000
5.6656656657 0.7857092696 0.7711700049 0.2000000000
5.6756756757 0.7895806839 0.5459724327 0.2000000000
5.6856856857 0.7934451999 0.7562583952 0.2000000000
5.6956956957 0.7973026298 0.7586206624 0.2000000000
5.7057057057 0.8011527845 1.0356265462 0.2000000000
5.7157157157 0.8049954732 0.5805014787 0.2000000000
5.7257257257 0.8088305036 0.7192312094 0.2000000000
5.7357357357 0.8126576819 1.0565117336 0.2000000000
5.7457457457 0.8164768126 0.9413374423 0.2000000000
5.7557557558 0.8202876987 0.8809019491 0.2000000000
5.7657657658 0.8240901416 0.6719160883 0.2000000000
5.7757757758 0.8278839411 0.9027931062 0.2000000000
5.7857857858 0.8316688954 0.5922442799 0.2000000000
5.7957957958 0.8354448011 1.0702201544 0.2000000000
5.8058058058 0.8392114531 0.8589907376 0.2000000000
5.8158158158 0.8429686447 0.9313543082 0.2000000000
5.8258258258 0.8467161676 0.5689597966 0.2000000000
5.8358358358 0.8504538118 1.0130029110 0.2000000000
5.8458458458 0.8541813656 1.1705667219 0.2000000000
5.8558558559 0.8578986157 0.9352748737 0.2000000000
5.8658658659 0.8616053471 0.6259966357 0.2000000000
5.8758758759 0.8653013430 0.4015346592 0.2000000000
5.8858858859 0.8689863852 1.2743916694 0.2000000000
5.8958958959 0.8726602535 1.1220676359 0.2000000000
5.9059059059 0.8763227260 0.8518273148 0.2000000000
5.9159159159 0.8799735793 0.9387799204 0.2000000000
5.9259259259 0.8836125879 0.7883829167 0.2000000000
5.9359359359 0.8872395250 0.8515557180 0.2000000000
5.9459459459 0.8908541616 0.5206673195 0.2000000000
5.9559559560 0.8944562672 0.9647760211 0.2000000000
5.9659659660 0.8980456095 0.7390562737 0.2000000000
5.9759759760 0.9016219544 1.0005124258 0.2000000000
5.9859859860 0.9051850659 0.6208880328 0.2000000000
5.9959959960 0.9087347063 1.2937501401 0.2000000000
6.0060060060 0.9122706360 1.1588024166 0.2000000000
6.0160160160 0.9157926138 1.0438458337 0.2000000000
6.0260260260 0.9193003964 0.6845314636 0.2000000000
6.0360360360 0.9227937387 0.7827139882 0.2000000000
6.0460460460 0.9262723939 0.8437645838 0.2000000000
6.0560560561 0.9297361133 0.9926429774 0.2000000000
6.0660660661 0.9331846460 1.0687150284 0.2000000000
6.0760760761 0.9366177397 0.7632987209 0.2000000000
6.0860860861 0.9400351400 0.7809307988 0.2000000000
6.0960960961 0.9434365904 1.3310202466 0.2000000000
6.1061061061 0.9468218329 0.8525326656 0.2000000000
6.1161161161 0.9501906071 1.2163904004 0.2000000000
6.1261261261 0.9535426510 1.0801567524 0.2000000000
6.1361361361 0.9568777006 1.1911849987 0.2000000000
6.1461461461 0.9601954899 0.8831625634 0.2000000000
6.1561561562 0.9634957508 0.9447314290 0.2000000000
6.1661661662 0.9667782136 0.8195597582 0.2000000000
6.1761761762 0.9700426061 1.2173491996 0.2000000000
6.1861861862 0.9732886545 0.9607598076 0.2000000000
6.1961961962 0.9765160828 0.8389156583 0.2000000000
6.2062062062 0.9797246132 1.2265181336 0.2000000000
6.2162162162 0.9829139655 0.8266080708 0.2000000000
6.2262262262 0.9860838578 0.5591478135 0.2000000000
6.2362362362 0.9892340059 1.0196799141 0.2000000000
6.2462462462 0.9923641238 0.7946093160 0.2000000000
6.2562562563 0.9954739232 1.4594869118 0.2000000000
6.2662662663 0.9985631138 0.7711517133 0.2000000000
6.2762762763 1.0016314031 1.1733832923 0.2000000000
6.2862862863 1.0046784968 1.0470484751 0.2000000000
6.2962962963 1.0077040981 0.6248832668 0.2000000000
6.3063063063 1.0107079083 1.3816544994 0.2000000000
6.3163163163 1.0136896265 1.2093654313 0.2000000000
6.3263263263 1.0166489497 1.1485699494 0.2000000000
6.3363363363 1.0195855727 0.8994616658 0.2000000000
6.3463463463 1.0224991879 0.9096013694 0.2000000000
6.3563563564 1.0253894860 1.0196211794 0.2000000000
6.3663663664 1.0282561552 0.9647050398 0.2000000000
6.3763763764 1.0310988813 1.0552518019 0.2000000000
6.3863863864 1.0339173484 0.9996893502 0.2000000000
6.3963963964 1.0367112379 0.9063604224 0.2000000000
6.4064064064 1.0394802291 1.1070932255 0.2000000000
6.4164164164 1.0422239992 1.3572716274 0.2000000000
6.4264264264 1.0449422230 1.0379697647 0.2000000000
6.4364364364 1.0476345729 0.9020820086 0.2000000000
6.4464464464 1.0503007194 1.1088075259 0.2000000000
6.4564564565 1.0529403302 0.9985122469 0.2000000000
6.4664664665 1.0555530710 1.3242233824 0.2000000000
6.4764764765 1.0581386052 1.1379574447 0.2000000000
6.4864864865 1.0606965936 1.1689761770 0.2000000000
6.4964964965 1.0632266950 1.0785351597 0.2000000000
6.5065065065 1.0657285656 1.0245109257 0.2000000000
6.5165165165 1.0682018592 1.2326880256 0.2000000000
6.5265265265 1.0706462274 1.2574769254 0.2000000000
6.5365365365 1.0730613193 0.9513144232 0.2000000000
6.5465465465 1.0754467815 0.9195458825 0.2000000000
6.5565565566 1.0778022584 1.1349834535 0.2000000000
6.5665665666 1.0801273918 1.0292359001 0.2000000000
6.5765765766 1.0824218210 1.0327498771 0.2000000000
6.5865865866 1.0846851831 0.8882024488 0.2000000000
6.5965965966 1.0869171124 1.2385782541 0.2000000000
6.6066066066 1.0891172409 1.1783059640 0.2000000000
6.6166166166 1.0912851982 1.1859617042 0.2000000000
6.6266266266 1.0934206111 1.3077067659 0.2000000000
6.6366366366 1.0955231042 1.1180409638 0.2000000000
6.6466466466 1.0975922994 1.0162542451 0.2000000000
6.6566566567 1.0996278159 1.1856832081 0.2000000000
6.6666666667 1.1016292707 1.2395411781 0.2000000000
6.6766766767 1.1035962779 1.0389307430 0.2000000000
6.6866866867 1.1055284493 0.9613913468 0.2000000000
6.6966966967 1.1074253937 1.5786059683 0.2000000000
6.7067067067 1.1092867178 1.4824784356 0.2000000000
6.7167167167 1.1111120252 1.0765493967 0.2000000000
6.7267267267 1.1129009172 1.1396903767 0.2000000000
6.7367367367 1.1146529923 0.7758099902 0.2000000000
6.7467467467 1.1163678462 1.3172308716 0.2000000000
6.7567567568 1.1180450723 1.0377928866 0.2000000000
6.7667667668 1.1196842609 1.2393503838 0.2000000000
6.7767767768 1.1212849999 1.3720098206 0.2000000000
6.7867867868 1.1228468743 1.1815829001 0.2000000000
6.7967967968 1.1243694664 1.3437746904 0.2000000000
6.8068068068 1.1258523559 1.0496033278 0.2000000000
6.8168168168 1.1272951194 1.0695616098 0.2000000000
6.8268268268 1.1286973312 0.9007218272 0.2000000000
6.8368368368 1.1300585623 0.6861580989 0.2000000000
6.8468468468 1.1313783814 1.0907676437 0.2000000000
6.8568568569 1.1326563540 1.3670354720 0.2000000000
6.8668668669 1.1338920429 1.2621660878 0.2000000000
6.8768768769 1.1350850082 1.5345566449 0.2000000000
6.8868868869 1.1362348069 0.8381088801 0.2000000000
6.8968968969 1.1373409933 0.8672629572 0.2000000000
6.9069069069 1.1384031188 1.1028661119 0.2000000000
6.9169169169 1.1394207317 1.3208493898 0.2000000000
6.9269269269 1.1403933777 0.8356897247 0.2000000000
6.9369369369 1.1413205995 1.3235533754 0.2000000000
6.9469469469 1.1422019365 0.9752047098 0.2000000000
6.9569569570 1.1430369257 0.9648203962 0.2000000000
6.9669669670 1.1438251007 1.3020359996 0.2000000000
6.9769769770 1.1445659923 1.5017032709 0.2000000000
6.9869869870 1.1452591283 1.3838068154 0.2000000000
6.9969969970 1.1459040334 0.8460169547 0.2000000000
7.0070070070 1.1465002295 1.3608142164 0.2000000000
7.0170170170 1.1470472350 0.7983606664 0.2000000000
7.0270270270 1.1475445657 1.4949508327 0.2000000000
7.0370370370 1.1479917342 1.1628165639 0.2000000000
7.0470470470 1.1483882499 1.2792951170 0.2000000000
7.0570570571 1.1487336191 1.1990608159 0.2000000000
7.0670670671 1.1490273451 1.3297071874 0.2000000000
7.0770770771 1.1492689280 1.0930837131 0.2000000000
7.0870870871 1.1494578648 1.0941290650 0.2000000000
7.0970970971 1.1495936493 1.2642778540 0.2000000000
7.1071071071 1.1496757720 1.4902266354 0.2000000000
7.1171171171 1.1497037205 1.1557183901 0.2000000000
7.1271271271 1.1496769789 1.3809322885 0.2000000000
7.1371371371 1.1495950283 1.1819829475 0.2000000000
7.1471471471 1.1494573463 1.4083911679 0.2000000000
7.1571571572 1.1492634075 1.1317127953 0.2000000000
7.1671671672 1.1490126832 0.9828822483 0.2000000000
7.1771771772 1.1487046411 1.2897951623 0.2000000000
7.1871871872 1.1483387461 1.0963191585 0.2000000000
7.1971971972 1.1479144593 1.1789214588 0.2000000000
7.2072072072 1.1474312389 0.8245578522 0.2000000000
7.2172172172 1.1468885394 0.9028097993 0.2000000000
7.2272272272 1.1462858120 0.9908960714 0.2000000000
7.2372372372 1.1456225048 1.0931669936 0.2000000000
7.2472472472 1.1448980621 1.0795963256 0.2000000000
7.2572572573 1.1441119251 1.0399936923 0.2000000000
7.2672672673 1.1432635313 1.3053488027 0.2000000000
7.2772772773 1.1423523151 0.9587838636 0.2000000000
7.2872872873 1.1413777070 1.1987474919 0.2000000000
7.2972972973 1.1403391345 0.9574529322 0.2000000000
7.3073073073 1.1392360212 1.4921436102 0.2000000000
7.3173173173 1.1380677874 0.8386154762 0.2000000000
7.3273273273 1.1368338498 0.8669316339 0.2000000000
7.3373373373 1.1355336216 1.1677217955 0.2000000000
7.3473473473 1.1341665124 1.1905000550 0.2000000000
7.3573573574 1.1327319282 1.2579202371 0.2000000000
7.3673673674 1.1312292716 0.9575023901 0.2000000000
7.3773773774 1.1296579412 1.2562368704 0.2000000000
7.3873873874 1.1280173323 1.3365782568 0.2000000000
7.3973973974 1.1263068365 1.3972532568 0.2000000000
7.4074074074 1.1245258416 1.0721939458 0.2000000000
7.4174174174 1.1226737319 1.1671725456 0.2000000000
7.4274274274 1.1207498879 1.3722622097 0.2000000000
7.4374374374 1.1187536863 0.9879279371 0.2000000000
7.4474474474 1.1166845003 0.9462914662 0.2000000000
7.4574574575 1.1145416991 1.2985834294 0.2000000000
7.4674674675 1.1123246483 1.1079367515 0.2000000000
7.4774774775 1.1100327097 0.8790575852 0.2000000000
7.4874874875 1.1076652412 1.2040232130 0.2000000000
7.4974974975 1.1052215970 1.2718843439 0.2000000000
7.5075075075 1.1027011274 1.1202519313 0.2000000000
7.5175175175 1.1001031788 1.0150833765 0.2000000000
7.5275275275 1.0974270938 1.0674898340 0.2000000000
7.5375375375 1.0946722112 1.2691059534 0.2000000000
7.5475475475 1.0918378656 1.3546490959 0.2000000000
7.5575575576 1.0889233880 1.1661737992 0.2000000000
7.5675675676 1.0859281052 1.2210558093 0.2000000000
7.5775775776 1.0828513403 0.9111276819 0.2000000000
7.5875875876 1.0796924121 1.1186108590 0.2000000000
7.5975975976 1.0764506357 0.7953435760 0.2000000000
7.6076076076 1.0731253221 0.9504430299 0.2000000000
7.6176176176 1.0697157780 0.9220935439 0.2000000000
7.6276276276 1.0662213064 1.1404279172 0.2000000000
7.6376376376 1.0626412061 0.8643626285 0.2000000000
7.6476476476 1.0589747718 0.9374356000 0.2000000000
7.6576576577 1.0552212941 0.9877792656 0.2000000000
7.6676676677 1.0513800594 0.8244309789 0.2000000000
7.6776776777 1.0474503500 0.9944037924 0.2000000000
7.6876876877 1.0434314442 1.0325083940 0.2000000000
7.6976976977 1.0393226158 0.9765108188 0.2000000000
7.7077077077 1.0351231346 0.6941961898 0.2000000000
7.7177177177 1.0308322663 1.1817686841 0.2000000000
7.7277277277 1.0264492719 1.2932727049 0.2000000000
7.7377377377 1.0219734087 1.1783467206 0.2000000000
7.7477477477 1.0174039294 1.2728571165 0.2000000000
7.7577577578 1.0127400823 1.2957658381 0.2000000000
7.7677677678 1.0079811117 0.9459584125 0.2000000000
7.7777777778 1.0031262573 0.6918120006 0.2000000000
7.7877877878 0.9981747546 0.8296115682 0.2000000000
7.7977977978 0.9931258346 1.1072095528 0.2000000000
7.8078078078 0.9879787241 1.4699932195 0.2000000000
7.8178178178 0.9827326452 1.1517245891 0.2000000000
7.8278278278 0.9773868157 0.9031216933 0.2000000000
7.8378378378 0.9719404491 1.0597905089 0.2000000000
7.8478478478 0.9663927541 1.0220154111 0.2000000000
7.8578578579 0.9607429352 1.3299243560 0.2000000000
7.8678678679 0.9549901922 0.9680495288 0.2000000000
7.8778778779 0.9491337205 0.7597669695 0.2000000000
7.8878878879 0.9431727108 0.9907220723 0.2000000000
7.8978978979 0.9371063493 1.3157461820 0.2000000000
7.9079079079 0.9309338176 0.7774616294 0.2000000000
7.9179179179 0.9246542926 0.7969933377 0.2000000000
7.9279279279 0.9182669468 1.0559823809 0.2000000000
7.9379379379 0.9117709478 0.8529145113 0.2000000000
7.9479479479 0.9051654585 1.0110007241 0.2000000000
7.9579579580 0.8984496373 0.8516390849 0.2000000000
7.9679679680 0.8916226377 0.8710786838 0.2000000000
7.9779779780 0.8846836086 0.9518712674 0.2000000000
7.9879879880 0.8776316941 0.8243613504 0.2000000000
7.9979979980 0.8704660334 0.7654521974 0.2000000000
8.0080080080 0.8631857610 0.7745095923 0.2000000000
8.0180180180 0.8557900065 0.5592889771 0.2000000000
8.0280280280 0.8482778948 0.7359020379 0.2000000000
8.0380380380 0.8406485458 0.9118274319 0.2000000000
8.0480480480 0.8329010745 1.1202387974 0.2000000000
8.0580580581 0.8250345910 0.7530600382 0.2000000000
8.0680680681 0.8170482006 0.4918289209 0.2000000000
8.0780780781 0.8089410035 1.2008513738 0.2000000000
8.0880880881 0.8007120950 0.8507681049 0.2000000000
8.0980980981 0.7923605653 0.8671525636 0.2000000000
8.1081081081 0.7838854997 0.9052771985 0.2000000000
8.1181181181 0.7752859783 0.7673607358 0.2000000000
8.1281281281 0.7665610764 0.8985049945 0.2000000000
8.1381381381 0.7577098640 0.2933963397 0.2000000000
8.1481481481 0.7487314059 0.6275710694 0.2000000000
8.1581581582 0.7396247621 0.8162794931 0.2000000000
8.1681681682 0.7303889872 0.6167451839 0.2000000000
8.1781781782 0.7210231306 0.7387618048 0.2000000000
8.1881881882 0.7115262367 0.6002430816 0.2000000000
8.1981981982 0.7018973446 0.6175744440 0.2000000000
8.2082082082 0.6921354880 0.6196081132 0.2000000000
8.2182182182 0.6822396955 0.4509348582 0.2000000000
8.2282282282 0.6722089905 0.9003477080 0.2000000000
8.2382382382 0.6620423907 0.9037352336 0.2000000000
8.2482482482 0.6517389090 0.5161604266 0.2000000000
8.2582582583 0.6412975525 0.2991936242 0.2000000000
8.2682682683 0.6307173231 0.8040034633 0.2000000000
8.2782782783 0.6199972174 0.7403250171 0.2000000000
8.2882882883 0.6091362264 0.4459286552 0.2000000000
8.2982982983 0.5981333357 0.6192851622 0.2000000000
8.3083083083 0.5869875254 0.4694924848 0.2000000000
8.3183183183 0.5756977702 0.7782439187 0.2000000000
8.3283283283 0.5642630392 0.5317507902 0.2000000000
8.3383383383 0.5526822960 0.3774793240 0.2000000000
8.3483483483 0.5409544986 0.5607694393 0.2000000000
8.3583583584 0.5290785995 0.5357439664 0.2000000000
8.3683683684 0.5170535454 0.7559563076 0.2000000000
8.3783783784 0.5048782775 0.2723986350 0.2000000000
8.3883883884 0.4925517313 0.8754467815 0.2000000000
8.3983983984 0.4800728366 0.2662795912 0.2000000000
8.4084084084 0.4674405177 0.4960569297 0.2000000000
8.4184184184 0.4546536927 0.6553556927 0.2000000000
8.4284284284 0.4417112744 0.6246566290 0.2000000000
8.4384384384 0.4286121696 0.2270446995 0.2000000000
8.4484484484 0.4153552793 0.4676803967 0.2000000000
8.4584584585 0.4019394987 0.5922630978 0.2000000000
8.4684684685 0.3883637171 0.1456050535 0.2000000000
8.4784784785 0.3746268181 0.3107283872 0.2000000000
8.4884884885 0.3607276790 0.1722375813 0.2000000000
8.4984984985 0.3466651717 0.4226689935 0.2000000000
8.5085085085 0.3324381617 0.3216224044 0.2000000000
8.5185185185 0.3180455086 0.0546979139 0.2000000000
8.5285285285 0.3034860663 0.3029361711 0.2000000000
8.5385385385 0.2887586823 0.5808837404 0.2000000000
8.5485485485 0.2738621982 0.2225538710 0.2000000000
8.5585585586 0.2587954495 0.6339302426 0.2000000000
8.5685685686 0.2435572656 0.1449741515 0.2000000000
8.5785785786 0.2281464698 0.1361073387 0.2000000000
8.5885885886 0.2125618792 0.1188228565 0.2000000000
8.5985985986 0.1968023046 0.2254471945 0.2000000000
8.6086086086 0.1808665509 0.4318903420 0.2000000000
8.6186186186 0.1647534164 0.2266375673 0.2000000000
8.6286286286 0.1484616934 -0.0435171256 0.2000000000
8.6386386386 0.1319901679 0.1075918872 0.2000000000
8.6486486486 0.1153376193 -0.3042272871 0.2000000000
8.6586586587 0.0985028210 0.0624643899 0.2000000000
8.6686686687 0.0814845399 -0.2316778102 0.2000000000
8.6786786787 0.0642815365 -0.0147545721 0.2000000000
8.6886886887 0.0468925648 -0.0922886252 0.2000000000
8.6986986987 0.0293163726 0.2094471934 0.2000000000
8.7087087087 0.0115517010 -0.2118723135 0.2000000000
8.7187187187 -0.0064027154 -0.1309537430 0.2000000000
8.7287287287 -0.0245481484 -0.2451496857 0.2000000000
8.7387387387 -0.0428858764 0.0666518195 0.2000000000
8.7487487487 -0.0614171844 -0.4641397708 0.2000000000
8.7587587588 -0.0801433639 -0.5810680015 0.2000000000
8.7687687688 -0.0990657133 -0.2487563300 0.2000000000
8.7787787788 -0.1181855375 -0.0077945820 0.2000000000
8.7887887888 -0.1375041479 -0.1395577558 0.2000000000
8.7987987988 -0.1570228629 0.0617929965 0.2000000000
8.8088088088 -0.1767430076 -0.0756806818 0.2000000000
8.8188188188 -0.1966659137 -0.3801334440 0.2000000000
8.8288288288 -0.2167929199 -0.1143036408 0.2000000000
8.8388388388 -0.2371253715 -0.1336558151 0.2000000000
8.8488488488 -0.2576646210 -0.8589983110 0.2000000000
8.8588588589 -0.2784120275 -0.4495545811 0.2000000000
8.8688688689 -0.2993689570 -0.0595387581 0.2000000000
8.8788788789 -0.3205367825 -0.4775073554 0.2000000000
8.8888888889 -0.3419168842 -0.3164760148 0.2000000000
8.8988988989 -0.3635106489 -0.3724290217 0.2000000000
8.9089089089 -0.3853194707 -0.4263831550 0.2000000000
8.9189189189 -0.4073447506 -0.0966922954 0.2000000000
8.9289289289 -0.4295878968 -0.4664229331 0.2000000000
8.9389389389 -0.4520503245 -0.3770831675 0.2000000000
8.9489489489 -0.4747334561 -0.6996692297 0.2000000000
8.9589589590 -0.4976387212 -0.3514462487 0.2000000000
8.9689689690 -0.5207675565 -0.7412836061 0.2000000000
8.9789789790 -0.5441214060 -0.5488899752 0.2000000000
8.9889889890 -0.5677017209 -0.5231959927 0.2000000000
8.9989989990 -0.5915099598 -0.4802140572 0.2000000000
9.0090090090 -0.6155475884 -0.5203395808 0.2000000000
9.0190190190 -0.6398160800 -0.8138897232 0.2000000000
9.0290290290 -0.6643169151 -0.5251659767 0.2000000000
9.0390390390 -0.6890515815 -0.5171218361 0.2000000000
9.0490490490 -0.7140215748 -0.8079689244 0.2000000000
9.0590590591 -0.7392283977 -0.6434697120 0.2000000000
9.0690690691 -0.7646735604 -0.5658064236 0.2000000000
9.0790790791 -0.7903585810 -0.8232018425 0.2000000000
9.0890890891 -0.8162849847 -0.4829172607 0.2000000000
9.0990990991 -0.8424543046 -1.1148313525 0.2000000000
9.1091091091 -0.8688680811 -0.8858148848 0.2000000000
9.1191191191 -0.8955278626 -0.6127809403 0.2000000000
9.1291291291 -0.9224352049 -0.8265494722 0.2000000000
9.1391391391 -0.9495916716 -1.2606602168 0.2000000000
9.1491491491 -0.9769988341 -0.7537528183 0.2000000000
9.1591591592 -1.0046582713 -1.0909932674 0.2000000000
9.1691691692 -1.0325715703 -1.0952692643 0.2000000000
9.1791791792 -1.0607403257 -1.0873417539 0.2000000000
9.1891891892 -1.0891661400 -1.0365162306 0.2000000000
9.1991991992 -1.1178506238 -1.4266159472 0.2000000000
9.2092092092 -1.1467953953 -1.0617721254 0.2000000000
9.2192192192 -1.1760020809 -1.2635758205 0.2000000000
9.2292292292 -1.2054723149 -0.9941981082 0.2000000000
9.2392392392 -1.2352077396 -1.4547629447 0.2000000000
9.2492492492 -1.2652100053 -1.4794475569 0.2000000000
9.2592592593 -1.2954807705 -1.5092365251 0.2000000000
9.2692692693 -1.3260217017 -1.2220575728 0.2000000000
9.2792792793 -1.3568344735 -1.2279369069 0.2000000000
9.2892892893 -1.3879207688 -1.6779964378 0.2000000000
9.2992992993 -1.4192822786 -1.3953473294 0.2000000000
9.3093093093 -1.4509207022 -1.2785380598 0.2000000000
9.3193193193 -1.4828377472 -1.6588148322 0.2000000000
9.3293293293 -1.5150351294 -1.5339303458 0.2000000000
9.3393393393 -1.5475145729 -1.2425689747 0.2000000000
9.3493493493 -1.5802778104 -1.5904703569 0.2000000000
9.3593593594 -1.6133265826 -1.4386054025 0.2000000000
9.3693693694 -1.6466626390 -1.8466195916 0.2000000000
9.3793793794 -1.6802877375 -1.8577642109 0.2000000000
9.3893893894 -1.7142036443 -1.9045686471 0.2000000000
9.3993993994 -1.7484121342 -1.9124843988 0.2000000000
9.4094094094 -1.7829149907 -1.8816067555 0.2000000000
9.4194194194 -1.8177140059 -1.5442042898 0.2000000000
9.4294294294 -1.8528109802 -1.8960492800 0.2000000000
9.4394394394 -1.8882077230 -1.7209670993 0.2000000000
9.4494494494 -1.9239060524 -1.5623310053 0.2000000000
9.4594594595 -1.9599077949 -1.8378926487 0.2000000000
9.4694694695 -1.9962147861 -2.3820367863 0.2000000000
9.4794794795 -2.0328288703 -2.5147784102 0.2000000000
9.4894894895 -2.0697519006 -1.7671649366 0.2000000000
9.4994994995 -2.1069857388 -2.2671330686 0.2000000000
9.5095095095 -2.1445322560 -2.2179166963 0.2000000000
9.5195195195 -2.1823933318 -2.3126110972 0.2000000000
9.5295295295 -2.2205708551 -1.9900194367 0.2000000000
9.5395395395 -2.2590667236 -2.1609628003 0.2000000000
9.5495495495 -2.2978828441 -2.4205084928 0.2000000000
9.5595595596 -2.3370211324 -2.6808506140 0.2000000000
9.5695695696 -2.3764835136 -2.1000512119 0.2000000000
9.5795795796 -2.4162719218 -2.5274877930 0.2000000000
9.5895895896 -2.4563883003 -2.4678366254 0.2000000000
9.5995995996 -2.4968346014 -2.4893652564 0.2000000000
9.6096096096 -2.5376127871 -2.4859049045 0.2000000000
9.6196196196 -2.5787248283 -2.7041991054 0.2000000000
9.6296296296 -2.6201727053 -2.4870074418 0.2000000000
9.6396396396 -2.6619584079 -2.9542122380 0.2000000000
9.6496496496 -2.7040839351 -2.7223574476 0.2000000000
9.6596596597 -2.7465512954 -2.5376642449 0.2000000000
9.6696696697 -2.7893625068 -2.8486502893 0.2000000000
9.6796796797 -2.8325195967 -2.8780265295 0.2000000000
9.6896896897 -2.8760246021 -2.7999070696 0.2000000000
9.6996996997 -2.9198795695 -2.9630599393 0.2000000000
9.7097097097 -2.9640865552 -2.7718859024 0.2000000000
9.7197197197 -3.0086476248 -2.9083593487 0.2000000000
9.7297297297 -3.0535648539 -3.3198066429 0.2000000000
9.7397397397 -3.0988403276 -3.0777614760 0.2000000000
9.7497497497 -3.1444761408 -3.1345039887 0.2000000000
9.7597597598 -3.1904743983 -3.3532995958 0.2000000000
9.7697697698 -3.2368372146 -3.3618598025 0.2000000000
9.7797797798 -3.2835667140 -3.2738788084 0.2000000000
9.7897897898 -3.3306650308 -3.2076905136 0.2000000000
9.7997997998 -3.3781343094 -3.3648434101 0.2000000000
9.8098098098 -3.4259767038 -3.5480139387 0.2000000000
9.8198198198 -3.4741943782 -3.7075339295 0.2000000000
9.8298298298 -3.5227895069 -3.5691250751 0.2000000000
9.8398398398 -3.5717642742 -3.6383850493 0.2000000000
9.8498498498 -3.6211208746 -3.4449265706 0.2000000000
9.8598598599 -3.6708615126 -3.3710979253 0.2000000000
9.8698698699 -3.7209884031 -3.5999005680 0.2000000000
9.8798798799 -3.7715037710 -3.8110754692 0.2000000000
9.8898898899 -3.8224098517 -3.6002327794 0.2000000000
9.8998998999 -3.8737088909 -3.9911812166 0.2000000000
9.9099099099 -3.9254031444 -4.1361038214 0.2000000000
9.9199199199 -3.9774948786 -4.1104971321 0.2000000000
9.9299299299 -4.0299863703 -4.1923034908 0.2000000000
9.9399399399 -4.0828799067 -4.0605755952 0.2000000000
9.9499499499 -4.1361777857 -4.0266930939 0.2000000000
9.9599599600 -4.1898823154 -3.9045115737 0.2000000000
9.9699699700 -4.2439958148 -4.3646197837 0.2000000000
9.9799799800 -4.2985206133 -4.5737325492 0.2000000000
9.9899899900 -4.3534590511 -4.2520321537 0.2000000000
10.0000000000 -4.4088134791 -4.3035892403 0.2000000000
